0 0.516782 0.030093 0.252315 0.046296
11 0.552083 0.203704 0.174769 0.027778
5 0.684028 0.324653 0.079861 0.026620
3 0.432870 0.337963 0.193287 0.037037
8 0.711227 0.918981 0.090278 0.048611
3 0.444299 0.382725 0.193287 0.037037
3 0.445251 0.423677 0.193287 0.037037
3 0.442394 0.474153 0.193287 0.037037
3 0.445251 0.525582 0.193287 0.037037
3 0.438585 0.577963 0.193287 0.037037
3 0.436680 0.616058 0.193287 0.037037
3 0.441442 0.655106 0.193287 0.037037
3 0.437632 0.698915 0.193287 0.037037
3 0.435728 0.733201 0.193287 0.037037
3 0.430966 0.796058 0.193287 0.037037
3 0.430966 0.841772 0.193287 0.037037
3 0.430966 0.891296 0.193287 0.037037
3 0.430966 0.891296 0.193287 0.037037
5 0.689742 0.367510 0.079861 0.026620
5 0.690694 0.405605 0.079861 0.026620
5 0.691647 0.457986 0.079861 0.026620
5 0.692599 0.512272 0.079861 0.026620
5 0.692599 0.569415 0.079861 0.026620
5 0.696409 0.606558 0.079861 0.026620
5 0.697361 0.646558 0.079861 0.026620
5 0.703075 0.689415 0.079861 0.026620
5 0.706885 0.726558 0.079861 0.026620
5 0.713552 0.785605 0.079861 0.026620
5 0.720218 0.831319 0.079861 0.026620
5 0.721171 0.875129 0.079861 0.026620
4 0.612857 0.330000 0.031429 0.021905
4 0.607143 0.370000 0.025714 0.025714
4 0.610000 0.408095 0.025714 0.025714
4 0.612857 0.461429 0.025714 0.025714
4 0.615714 0.562381 0.025714 0.025714
4 0.615714 0.562381 0.025714 0.025714
4 0.614762 0.511905 0.025714 0.025714
4 0.618571 0.609048 0.025714 0.025714
4 0.621429 0.650952 0.025714 0.025714
4 0.622381 0.690952 0.025714 0.025714
4 0.621429 0.730000 0.025714 0.025714
4 0.628095 0.787143 0.025714 0.025714
4 0.630952 0.834762 0.025714 0.025714
4 0.636667 0.877619 0.025714 0.025714
4 0.636667 0.877619 0.025714 0.025714
