0 0.477534 0.248267 0.197146 0.020632
14 0.559602 0.282653 0.427303 0.053642
11 0.469282 0.319446 0.112786 0.018568
1 0.508253 0.335607 0.144880 0.015130
2 0.507336 0.388218 0.196229 0.015818
5 0.750341 0.444196 0.089906 0.018601
4 0.631611 0.445206 0.026646 0.014257
3 0.439824 0.444305 0.152903 0.020708
7 0.626999 0.617916 0.061436 0.018568
8 0.754407 0.647674 0.063172 0.046449
3 0.442646 0.475005 0.147259 0.022089
3 0.442646 0.503488 0.156560 0.013951
3 0.434896 0.533133 0.147259 0.019764
4 0.635634 0.476749 0.027902 0.013951
4 0.633309 0.500581 0.029452 0.019764
4 0.636409 0.534296 0.029452 0.019764
5 0.749566 0.471517 0.069754 0.026739
5 0.758092 0.502325 0.062004 0.011626
5 0.755766 0.529064 0.066654 0.023251
