0 0.543403 0.151228 0.305370 0.081380
1 0.401569 0.326195 0.210813 0.029064
2 0.741040 0.351190 0.248016 0.027902
4 0.649720 0.456345 0.037474 0.033598
5 0.783765 0.462333 0.091650 0.036272
3 0.310384 0.462646 0.131836 0.023193
6 0.786768 0.667992 0.119358 0.036040
8 0.785993 0.748210 0.186012 0.040690
7 0.821646 0.804594 0.108507 0.020926
14 0.554253 0.306431 0.292969 0.029064
5 0.783765 0.489798 0.088394 0.027727
5 0.788648 0.515433 0.088394 0.027727
5 0.788648 0.537406 0.088394 0.027727
5 0.793531 0.563041 0.088394 0.027727
5 0.790275 0.586234 0.088394 0.027727
5 0.800041 0.616752 0.088394 0.027727
4 0.655739 0.486747 0.035846 0.027495
4 0.655739 0.515780 0.035846 0.027495
4 0.656912 0.539095 0.035846 0.027495
4 0.657499 0.562409 0.035846 0.027495
4 0.655739 0.586603 0.035846 0.027495
4 0.657499 0.612997 0.035846 0.027495
4 0.657499 0.612997 0.035846 0.027495
3 0.379964 0.487061 0.275879 0.025635
3 0.379964 0.487061 0.275879 0.025635
3 0.309570 0.511475 0.141602 0.021973
3 0.332764 0.539246 0.187988 0.023804
3 0.370605 0.563049 0.250651 0.027466
3 0.349447 0.586853 0.229492 0.022583
3 0.407227 0.611877 0.330404 0.022583
