0 0.454812 0.117256 0.180641 0.007565
1 0.502265 0.125337 0.139836 0.006533
5 0.583750 0.172621 0.067147 0.019951
4 0.304530 0.180652 0.008452 0.018131
3 0.408381 0.177160 0.157468 0.015961
8 0.582270 0.311537 0.073357 0.033698
7 0.599921 0.374636 0.079317 0.015474
2 0.380916 0.400202 0.179322 0.011565
4 0.304688 0.204722 0.023058 0.018819
4 0.301636 0.225321 0.014242 0.013224
4 0.303331 0.247955 0.010851 0.014750
4 0.303670 0.271861 0.016954 0.016785
4 0.301975 0.292714 0.010851 0.011698
3 0.400648 0.200399 0.148519 0.022380
3 0.386407 0.220235 0.124105 0.018311
3 0.399631 0.243886 0.153266 0.020854
3 0.401326 0.265757 0.152588 0.016785
3 0.374878 0.285339 0.115967 0.016276
5 0.580702 0.192261 0.062391 0.012207
5 0.587145 0.213623 0.064426 0.018311
5 0.589518 0.238800 0.065104 0.011698
5 0.589857 0.258636 0.057644 0.012716
5 0.585788 0.277964 0.064426 0.013733
