2 0.564646 0.474527 0.349362 0.031635
4 0.319817 0.573215 0.050433 0.024070
4 0.326236 0.599348 0.030260 0.019944
4 0.328528 0.623762 0.027509 0.017881
4 0.332655 0.649895 0.022924 0.022007
4 0.334489 0.677748 0.028426 0.019944
4 0.328528 0.704225 0.023841 0.020632
4 0.333113 0.728639 0.022007 0.018568
3 0.428936 0.571839 0.151298 0.030947
3 0.432603 0.599692 0.160468 0.022007
3 0.432145 0.624794 0.152215 0.022695
3 0.427102 0.650239 0.158634 0.019944
3 0.437188 0.674997 0.154966 0.028197
3 0.431228 0.700787 0.146714 0.019256
3 0.432145 0.725545 0.137544 0.023382
8 0.640295 0.753741 0.262251 0.027509
5 0.720529 0.574246 0.105450 0.024758
5 0.721904 0.601067 0.104533 0.023382
5 0.723738 0.627201 0.113703 0.017881
5 0.719153 0.650239 0.113703 0.022695
5 0.724197 0.677060 0.105450 0.017193
5 0.718695 0.699411 0.116454 0.019256
5 0.722363 0.727264 0.105450 0.021319
