0 0.518418 0.028503 0.192151 0.016943
1 0.566740 0.040899 0.165264 0.010851
5 0.648089 0.087679 0.071997 0.020943
3 0.465393 0.093895 0.178470 0.020857
4 0.353758 0.092298 0.023088 0.025174
8 0.649929 0.195730 0.085693 0.035891
7 0.656884 0.260625 0.069556 0.015441
2 0.435419 0.287961 0.149684 0.015024
4 0.354451 0.120600 0.021701 0.016837
4 0.355574 0.145014 0.016463 0.015154
4 0.353703 0.169428 0.021701 0.017960
3 0.416188 0.120039 0.077826 0.017960
3 0.471564 0.144172 0.178101 0.020205
3 0.473435 0.165219 0.187829 0.016276
5 0.650787 0.115268 0.074084 0.016276
5 0.653406 0.138840 0.076329 0.012909
5 0.655651 0.165499 0.080819 0.016837
