0 0.410762 0.271013 0.553385 0.050512
1 0.338362 0.311422 0.217762 0.033675
5 0.673424 0.419602 0.097656 0.032833
3 0.295708 0.422128 0.244702 0.024414
4 0.127335 0.421707 0.020205 0.042093
8 0.523572 0.673003 0.116739 0.068191
2 0.630208 0.734459 0.240212 0.041251
3 0.308055 0.458749 0.262662 0.038726
3 0.308616 0.497053 0.254804 0.031149
3 0.303004 0.527361 0.257049 0.022730
3 0.302443 0.561035 0.244702 0.032833
3 0.308616 0.591342 0.252559 0.031149
3 0.292340 0.627963 0.235722 0.025256
5 0.673985 0.457065 0.103269 0.025256
5 0.667812 0.490319 0.088676 0.026098
5 0.666689 0.522730 0.102146 0.026940
5 0.679036 0.558930 0.093166 0.033675
5 0.680159 0.595973 0.081941 0.023572
5 0.680720 0.625859 0.101024 0.027782
4 0.128457 0.460011 0.031430 0.021047
4 0.126774 0.498316 0.028062 0.026940
4 0.131825 0.526098 0.022450 0.025256
4 0.131825 0.558510 0.031430 0.029465
4 0.130702 0.591763 0.029185 0.026940
4 0.126212 0.631752 0.035920 0.024414
