10 0.487599 0.176804 0.485181 0.048828
11 0.537977 0.215169 0.167411 0.030227
2 0.653460 0.393624 0.224764 0.061616
5 0.717027 0.494428 0.106984 0.033033
4 0.566988 0.498978 0.045621 0.018882
3 0.352807 0.496633 0.330305 0.042093
6 0.738715 0.787737 0.113157 0.036040
8 0.705388 0.852260 0.136409 0.039528
3 0.347342 0.538305 0.321031 0.049670
3 0.329382 0.598077 0.269397 0.051354
3 0.343974 0.659112 0.307561 0.042093
3 0.241828 0.705836 0.121228 0.027782
3 0.242390 0.738248 0.108881 0.030307
4 0.572962 0.529886 0.038165 0.026098
4 0.571278 0.581240 0.037042 0.024414
4 0.579135 0.613231 0.037042 0.021047
4 0.575207 0.649431 0.042654 0.019363
4 0.575768 0.702047 0.039287 0.020205
4 0.579696 0.737827 0.069594 0.019363
5 0.725058 0.533254 0.084186 0.019363
5 0.723936 0.583765 0.099901 0.021047
5 0.739651 0.614494 0.088676 0.030307
5 0.722252 0.652377 0.101024 0.018521
5 0.726181 0.703310 0.086431 0.021047
5 0.731232 0.738669 0.083064 0.019363
