0 0.459697 0.272717 0.144159 0.029064
11 0.515501 0.324451 0.150360 0.023251
14 0.459697 0.295387 0.339472 0.027902
2 0.648810 0.506394 0.227865 0.045340
5 0.718422 0.621577 0.100472 0.036216
5 0.582131 0.622034 0.094507 0.046429
4 0.453679 0.620378 0.026715 0.036143
3 0.276192 0.625050 0.251479 0.047813
6 0.710813 0.797038 0.116257 0.029064
8 0.691437 0.877837 0.145709 0.055804
4 0.453438 0.676461 0.040381 0.027813
4 0.449318 0.728998 0.032140 0.029050
5 0.596420 0.679861 0.105485 0.030904
5 0.588179 0.727762 0.090651 0.038939
5 0.722096 0.679242 0.081586 0.027195
5 0.718799 0.735488 0.083234 0.030904
3 0.272135 0.689132 0.274426 0.050682
3 0.276668 0.733015 0.242286 0.042029
