0 0.467949 0.189217 0.192308 0.041896
2 0.420330 0.287088 0.358974 0.032967
5 0.707639 0.396513 0.089271 0.022421
4 0.556053 0.397377 0.038846 0.026896
3 0.306658 0.400523 0.254342 0.034562
6 0.684982 0.761676 0.104396 0.023352
6 0.700092 0.793956 0.094322 0.020604
8 0.689103 0.831044 0.154762 0.037088
3 0.325786 0.428272 0.292597 0.024038
3 0.315447 0.456963 0.259512 0.025589
3 0.245658 0.479063 0.126137 0.017060
3 0.333540 0.505040 0.285360 0.025589
3 0.351117 0.533344 0.347395 0.023263
3 0.346981 0.559321 0.324648 0.016284
3 0.260132 0.585298 0.165426 0.021712
3 0.283912 0.610112 0.192308 0.015509
3 0.273056 0.635701 0.183002 0.021712
3 0.258065 0.664780 0.169562 0.024038
3 0.214123 0.691532 0.054797 0.026365
3 0.251344 0.721774 0.123036 0.027916
4 0.556865 0.454249 0.031017 0.013958
4 0.556865 0.478676 0.035153 0.017835
4 0.554797 0.502714 0.031017 0.022488
4 0.553246 0.528691 0.021712 0.020161
4 0.562035 0.558545 0.049628 0.016284
4 0.555314 0.584910 0.023780 0.019386
4 0.559450 0.615927 0.040323 0.024038
4 0.559967 0.638803 0.024814 0.013958
4 0.554280 0.669432 0.027916 0.013182
4 0.556865 0.695409 0.026882 0.015509
4 0.555831 0.724876 0.026882 0.015509
5 0.715571 0.422069 0.127171 0.017835
5 0.710918 0.448046 0.097188 0.024814
5 0.714537 0.477900 0.079611 0.024038
5 0.714537 0.505040 0.079611 0.016284
5 0.717122 0.530630 0.105459 0.019386
5 0.712986 0.559708 0.097188 0.021712
5 0.716605 0.583359 0.073408 0.022488
5 0.725393 0.613989 0.088916 0.017060
5 0.721257 0.639966 0.082713 0.020937
5 0.720740 0.668657 0.083747 0.017835
5 0.722808 0.693859 0.087883 0.020161
5 0.725393 0.723325 0.064103 0.018610
