10 0.413372 0.303488 0.279070 0.041085
9 0.402616 0.362791 0.280814 0.079070
2 0.319767 0.486047 0.140698 0.029457
4 0.499918 0.530152 0.026580 0.027746
5 0.585547 0.525333 0.052490 0.033611
3 0.354794 0.532960 0.197960 0.027161
6 0.573837 0.604264 0.072093 0.027132
7 0.548837 0.631783 0.039535 0.027907
8 0.549709 0.663953 0.095930 0.031783
15 0.299709 0.726357 0.097093 0.063566
11 0.375000 0.824419 0.094186 0.045736
3 0.354481 0.562579 0.205189 0.035849
4 0.504009 0.556918 0.020283 0.015723
5 0.595283 0.558805 0.057547 0.019497
