0 0.417486 0.031179 0.422021 0.019841
5 0.708013 0.104442 0.121241 0.030313
3 0.328591 0.101194 0.271946 0.025235
6 0.697153 0.371315 0.132275 0.028345
8 0.700302 0.459892 0.133535 0.024093
7 0.711010 0.496386 0.109599 0.013464
1 0.401738 0.046769 0.221718 0.021259
11 0.629756 0.048895 0.168808 0.029762
2 0.254346 0.975057 0.156211 0.022676
3 0.341107 0.132780 0.265203 0.022505
3 0.323388 0.163002 0.268633 0.031507
3 0.364540 0.197724 0.302926 0.025077
3 0.353109 0.229231 0.275492 0.031507
3 0.329104 0.263953 0.257202 0.031507
3 0.295953 0.299640 0.241198 0.023148
3 0.363397 0.336613 0.289209 0.027649
5 0.716049 0.134066 0.109739 0.013503
5 0.717764 0.163645 0.117741 0.023791
5 0.707476 0.194187 0.120027 0.021862
5 0.716621 0.226659 0.124600 0.030221
5 0.724623 0.306070 0.106310 0.027006
5 0.721765 0.336934 0.118884 0.018004
