0 0.458790 0.065522 0.323295 0.018363
1 0.413439 0.085345 0.126870 0.021284
3 0.393407 0.153788 0.172498 0.018780
3 0.376714 0.175906 0.150240 0.018780
3 0.381722 0.196147 0.160256 0.020867
3 0.385895 0.217014 0.164152 0.015024
3 0.353343 0.238715 0.105725 0.014189
3 0.387286 0.263964 0.166934 0.017945
5 0.620437 0.151284 0.066774 0.021284
5 0.622106 0.175906 0.058983 0.017111
5 0.630731 0.192808 0.067330 0.019197
5 0.631288 0.215136 0.081798 0.012937
5 0.633792 0.236837 0.077902 0.012937
5 0.636296 0.261251 0.084023 0.016693
8 0.528624 0.283370 0.075677 0.020032
4 0.275441 0.155666 0.007790 0.016693
4 0.274328 0.177576 0.012242 0.016276
4 0.273215 0.199069 0.015580 0.014189
4 0.273493 0.214927 0.015024 0.018363
4 0.272380 0.237046 0.018363 0.013355
4 0.275719 0.262503 0.019476 0.016693
2 0.595954 0.328651 0.148015 0.013772
