10 0.353395 0.015625 0.405864 0.024306
1 0.330247 0.043981 0.174383 0.020833
11 0.563272 0.044560 0.177469 0.049769
5 0.598303 0.114380 0.108644 0.052834
3 0.301931 0.107467 0.280143 0.038042
13 0.608025 0.420139 0.112654 0.092593
8 0.613426 0.521412 0.157407 0.061343
2 0.256944 0.831019 0.314815 0.062500
3 0.271825 0.144803 0.216728 0.032051
3 0.277930 0.184867 0.236569 0.044643
3 0.275641 0.230941 0.219780 0.030334
3 0.282509 0.274439 0.216728 0.030334
3 0.257708 0.313359 0.174756 0.031479
5 0.606838 0.155105 0.100733 0.022894
5 0.607219 0.190591 0.087759 0.029762
5 0.620574 0.232086 0.105311 0.037202
5 0.631258 0.267285 0.123626 0.027473
5 0.596154 0.312500 0.103785 0.029762
