10 0.466589 0.118708 0.382284 0.058302
9 0.430070 0.267377 0.800311 0.085120
11 0.517871 0.332092 0.192696 0.030317
15 0.235820 0.432953 0.191142 0.040811
1 0.338384 0.376401 0.281274 0.041977
2 0.363248 0.502915 0.386946 0.045475
5 0.856643 0.522738 0.099456 0.043143
3 0.372572 0.576958 0.374514 0.030317
4 0.138695 0.607275 0.052836 0.032649
6 0.879176 0.704638 0.144522 0.050139
7 0.916472 0.776349 0.125874 0.030317
8 0.906371 0.820659 0.158508 0.039645
4 0.145688 0.635843 0.041958 0.026819
4 0.149573 0.669075 0.049728 0.027985
4 0.155789 0.705221 0.059052 0.018656
3 0.397436 0.614854 0.411810 0.010494
3 0.332945 0.651584 0.267288 0.016324
3 0.370241 0.696476 0.332556 0.033815
5 0.869852 0.559468 0.054390 0.023321
5 0.879953 0.589784 0.077700 0.025653
5 0.892385 0.625348 0.065268 0.040811
