0 0.435141 0.130417 0.183627 0.015441
5 0.560341 0.186548 0.068999 0.019197
5 0.564514 0.208459 0.056201 0.014607
5 0.567575 0.228073 0.052306 0.012937
5 0.568409 0.249149 0.057314 0.013355
5 0.569522 0.271059 0.060653 0.015441
5 0.564793 0.291299 0.060096 0.018363
5 0.571192 0.317383 0.065104 0.017111
5 0.570079 0.359325 0.052862 0.015859
5 0.571470 0.383530 0.062322 0.016693
1 0.486890 0.142311 0.142450 0.010016
3 0.379774 0.189052 0.183071 0.016693
3 0.379774 0.208667 0.179732 0.020032
3 0.374488 0.230369 0.178063 0.020032
3 0.382278 0.254157 0.195869 0.020867
3 0.380053 0.275441 0.188079 0.017528
3 0.378661 0.295681 0.188635 0.018780
3 0.375879 0.318635 0.174168 0.017945
3 0.377827 0.361620 0.179176 0.018780
3 0.376436 0.387495 0.183071 0.015441
8 0.567297 0.405649 0.066217 0.015024
8 0.568409 0.422551 0.070669 0.015441
2 0.370315 0.500384 0.173055 0.019197
