0 0.367811 0.303611 0.080128 0.036308
1 0.515825 0.333868 0.106838 0.019197
11 0.520277 0.303193 0.107950 0.021284
5 0.595119 0.393129 0.057314 0.015024
5 0.666066 0.389790 0.044516 0.019197
5 0.590389 0.409822 0.060096 0.011685
5 0.667735 0.412535 0.044516 0.012103
5 0.663005 0.427976 0.057314 0.016276
5 0.673021 0.446965 0.052862 0.010851
5 0.578982 0.429228 0.058427 0.019615
5 0.586772 0.446339 0.052862 0.017111
6 0.666900 0.467206 0.061765 0.015441
3 0.418447 0.469501 0.188079 0.021701
3 0.445435 0.445922 0.176393 0.021284
3 0.450165 0.424638 0.188079 0.018780
3 0.445435 0.407318 0.193087 0.020032
3 0.447661 0.390208 0.190861 0.021701
4 0.344162 0.386452 0.016137 0.019197
4 0.346109 0.407736 0.011129 0.015024
4 0.345831 0.425264 0.016137 0.013355
4 0.345553 0.444461 0.018919 0.017528
2 0.395077 0.368089 0.141337 0.022536
13 0.669126 0.503305 0.059540 0.017528
3 0.436810 0.502679 0.161369 0.019615
8 0.640747 0.557141 0.058427 0.019197
8 0.642973 0.575921 0.061765 0.015859
3 0.443766 0.523129 0.176393 0.022953
