0 0.525295 0.172764 0.191580 0.012129
1 0.564689 0.182561 0.143478 0.009330
5 0.663590 0.231389 0.070080 0.015550
5 0.654674 0.252071 0.069666 0.014617
5 0.652808 0.277729 0.066763 0.018660
5 0.652601 0.302143 0.063031 0.017727
5 0.657370 0.343041 0.069251 0.019282
5 0.658199 0.372276 0.071739 0.016794
5 0.653223 0.397467 0.065104 0.008708
8 0.659028 0.417061 0.081691 0.013684
8 0.650113 0.433544 0.074642 0.014306
4 0.363157 0.237920 0.014928 0.018660
4 0.362950 0.262957 0.013684 0.010885
4 0.365023 0.281772 0.009538 0.014928
4 0.361498 0.348328 0.013270 0.019282
4 0.364194 0.373675 0.007049 0.012751
4 0.368340 0.399800 0.031930 0.016483
3 0.466411 0.236210 0.152601 0.015239
3 0.461020 0.259846 0.141819 0.015239
3 0.455422 0.280839 0.143063 0.016794
3 0.448787 0.303543 0.120671 0.014306
3 0.492328 0.346773 0.200289 0.017416
3 0.469314 0.371654 0.173335 0.018660
3 0.460398 0.399178 0.150527 0.017727
