0 0.341355 0.145575 0.223000 0.014031
14 0.422548 0.194684 0.395863 0.048267
11 0.302443 0.231165 0.155651 0.012347
1 0.350335 0.272977 0.125718 0.015154
5 0.586806 0.434054 0.067349 0.017399
5 0.586057 0.469412 0.064356 0.018521
5 0.594289 0.494388 0.058369 0.017960
4 0.467448 0.476428 0.033675 0.021327
4 0.463706 0.527501 0.026191 0.021327
3 0.300572 0.443314 0.135447 0.033675
3 0.306558 0.499158 0.135447 0.019643
6 0.562111 0.551073 0.160141 0.021327
8 0.553505 0.593728 0.175856 0.029185
16 0.257543 0.714395 0.061363 0.016837
7 0.614119 0.713553 0.074084 0.020766
1 0.538539 0.764626 0.220756 0.025256
