9 0.498272 0.327990 0.275146 0.034088
10 0.442901 0.357639 0.146605 0.020833
2 0.378631 0.396618 0.136257 0.019264
5 0.686935 0.470478 0.066770 0.019660
3 0.337329 0.461473 0.144977 0.022260
8 0.688356 0.540240 0.075342 0.018836
1 0.527778 0.375000 0.137346 0.016204
7 0.699217 0.613878 0.060471 0.017107
5 0.693784 0.499588 0.057638 0.017948
5 0.693784 0.499588 0.057638 0.017948
4 0.588470 0.468750 0.023973 0.014555
4 0.587225 0.484203 0.018773 0.013736
4 0.587683 0.497768 0.021520 0.011332
4 0.587683 0.512019 0.021520 0.011676
3 0.312500 0.477679 0.101190 0.013736
3 0.334707 0.493647 0.144689 0.016140
3 0.327839 0.505666 0.143773 0.013393
