0 0.478873 0.065323 0.742958 0.087421
2 0.670775 0.194026 0.507042 0.026712
5 0.832770 0.366030 0.168919 0.030289
3 0.461149 0.357293 0.500000 0.022134
4 0.108108 0.353798 0.070946 0.019804
8 0.838028 0.827829 0.292254 0.038854
7 0.869718 0.767727 0.250000 0.042496
3 0.354730 0.380592 0.287162 0.024464
3 0.398649 0.407386 0.375000 0.026794
3 0.361486 0.431267 0.266892 0.013979
3 0.320946 0.456314 0.239865 0.022134
3 0.327703 0.481943 0.219595 0.022134
3 0.283784 0.506990 0.111486 0.023299
3 0.390203 0.532036 0.310811 0.017474
3 0.405405 0.555336 0.375000 0.026794
3 0.410473 0.583295 0.364865 0.029124
3 0.417230 0.611836 0.358108 0.016309
3 0.439189 0.636300 0.408784 0.018639
3 0.353041 0.665424 0.250000 0.020969
3 0.447635 0.691053 0.459459 0.030289
4 0.103041 0.377679 0.067568 0.018639
4 0.119932 0.405056 0.074324 0.017474
4 0.114865 0.429520 0.057432 0.024464
4 0.126689 0.458644 0.087838 0.022134
4 0.128378 0.485438 0.070946 0.017474
4 0.118243 0.505825 0.043919 0.020969
4 0.123311 0.530871 0.081081 0.022134
4 0.125000 0.558248 0.070946 0.016309
4 0.116554 0.580965 0.067568 0.019804
4 0.136824 0.612418 0.074324 0.024464
4 0.116554 0.638630 0.074324 0.025629
4 0.128378 0.668336 0.084459 0.022134
4 0.116554 0.693966 0.060811 0.024464
5 0.851351 0.392241 0.165541 0.017474
5 0.847973 0.409716 0.118243 0.017474
5 0.859797 0.434762 0.141892 0.018639
5 0.851351 0.457479 0.131757 0.010485
5 0.881757 0.480196 0.152027 0.020969
5 0.878378 0.505242 0.165541 0.026794
5 0.869932 0.532619 0.148649 0.023299
5 0.890203 0.555336 0.155405 0.017474
5 0.878378 0.583295 0.138514 0.026794
5 0.891892 0.610089 0.152027 0.024464
5 0.895270 0.632805 0.145270 0.018639
5 0.895270 0.667754 0.152027 0.013979
5 0.895270 0.686976 0.172297 0.017474
15 0.219595 0.252446 0.368243 0.043103
