10 0.406647 0.034488 0.687419 0.037434
5 0.726292 0.077463 0.153585 0.031385
3 0.261453 0.085600 0.354552 0.040684
4 0.020163 0.090887 0.033265 0.046384
2 0.687555 0.659397 0.342861 0.048302
8 0.513071 0.572651 0.161754 0.033710
3 0.246749 0.129772 0.331678 0.036035
3 0.251650 0.173362 0.331678 0.037197
3 0.255735 0.221602 0.336579 0.031385
3 0.250016 0.256475 0.321874 0.031385
3 0.246749 0.298903 0.318607 0.041847
3 0.239396 0.344818 0.310437 0.043009
3 0.203451 0.393058 0.218940 0.037197
3 0.245115 0.441879 0.318607 0.044172
3 0.237762 0.487213 0.277760 0.034872
3 0.237762 0.529642 0.271224 0.043009
4 0.023724 0.137327 0.042481 0.032548
4 0.023724 0.174525 0.039213 0.032548
4 0.014313 0.217620 0.028626 0.018426
4 0.025358 0.261705 0.039213 0.039522
4 0.034344 0.308202 0.021240 0.032548
4 0.031076 0.352374 0.040847 0.025573
4 0.026992 0.393639 0.019607 0.029060
4 0.031076 0.441298 0.044115 0.026735
4 0.033527 0.487795 0.032678 0.026735
4 0.038429 0.530223 0.045749 0.034872
5 0.722208 0.114079 0.135612 0.030223
5 0.728743 0.152439 0.142148 0.032548
5 0.726292 0.246013 0.130710 0.033710
5 0.754885 0.202422 0.142148 0.032548
5 0.724659 0.289022 0.120907 0.033710
5 0.723025 0.339587 0.127443 0.030223
5 0.727109 0.429093 0.145415 0.032548
5 0.772858 0.473265 0.138880 0.037197
5 0.773675 0.522086 0.150317 0.039522
5 0.758970 0.385502 0.160120 0.033710
