0 0.473421 0.080619 0.299613 0.021755
11 0.343750 0.096331 0.120812 0.024172
1 0.594233 0.108417 0.161082 0.024172
5 0.592048 0.199952 0.074257 0.035982
3 0.328280 0.196584 0.125309 0.026469
4 0.250928 0.197051 0.026300 0.032500
6 0.527384 0.498187 0.120812 0.025380
8 0.563628 0.576141 0.141753 0.053178
7 0.570071 0.605752 0.083763 0.025380
2 0.437178 0.754408 0.217461 0.044718
5 0.591275 0.233033 0.072710 0.032500
5 0.589728 0.264953 0.075804 0.022054
5 0.583540 0.299775 0.088181 0.026697
5 0.576578 0.336338 0.077351 0.030179
5 0.580446 0.372320 0.097463 0.032500
5 0.584313 0.406562 0.108292 0.026697
5 0.592822 0.446026 0.094369 0.026697
3 0.328280 0.231872 0.122215 0.030179
3 0.323639 0.267275 0.131498 0.024375
3 0.319771 0.296873 0.117574 0.025536
3 0.318998 0.332856 0.122215 0.030179
3 0.328280 0.370579 0.131498 0.026697
3 0.336015 0.401338 0.168626 0.032500
3 0.325186 0.436160 0.146968 0.025536
4 0.247834 0.233033 0.029394 0.023215
4 0.246287 0.262632 0.026300 0.024375
4 0.247061 0.296873 0.027847 0.023215
4 0.245514 0.334597 0.024752 0.024375
4 0.244740 0.372320 0.023205 0.025536
4 0.245514 0.401338 0.027847 0.027857
4 0.242420 0.439642 0.027847 0.023215
