0 0.328288 0.064209 0.113932 0.087891
9 0.553711 0.077026 0.366211 0.069580
1 0.493490 0.174072 0.190430 0.029297
5 0.647511 0.269723 0.078551 0.035052
5 0.757103 0.269752 0.076381 0.032668
3 0.437822 0.273385 0.280917 0.027727
4 0.272465 0.272775 0.038094 0.028948
2 0.363281 0.244873 0.206706 0.039062
8 0.722265 0.819911 0.133657 0.036795
5 0.752492 0.595535 0.063903 0.027495
3 0.498663 0.597366 0.370047 0.023833
4 0.284323 0.594314 0.042279 0.029936
3 0.430071 0.303612 0.280917 0.027727
3 0.431621 0.332676 0.280917 0.027727
3 0.434721 0.361741 0.280917 0.027727
3 0.433171 0.387317 0.280917 0.027727
3 0.433171 0.416382 0.280917 0.027727
3 0.436272 0.443121 0.280917 0.027727
3 0.436272 0.468698 0.280917 0.027727
3 0.440922 0.497762 0.280917 0.027727
3 0.440922 0.527989 0.280917 0.027727
3 0.490913 0.620617 0.370047 0.023833
3 0.489362 0.646194 0.370047 0.023833
3 0.489362 0.670608 0.370047 0.023833
3 0.489362 0.692697 0.370047 0.023833
3 0.490913 0.719436 0.370047 0.023833
3 0.489362 0.742687 0.370047 0.023833
3 0.489362 0.765939 0.370047 0.023833
4 0.275565 0.305327 0.038094 0.028948
4 0.280215 0.335554 0.038094 0.028948
4 0.280215 0.358805 0.038094 0.028948
4 0.284866 0.391357 0.038094 0.028948
4 0.284866 0.419259 0.038094 0.028948
4 0.284866 0.443673 0.038094 0.028948
4 0.286086 0.524995 0.026352 0.022089
5 0.647259 0.300618 0.082155 0.022089
4 0.286086 0.469773 0.023251 0.016276
4 0.289187 0.494187 0.026352 0.023251
5 0.655785 0.326195 0.074405 0.029064
5 0.651135 0.355841 0.062004 0.020926
5 0.648810 0.386649 0.069754 0.031390
5 0.651910 0.414551 0.075955 0.017439
5 0.649585 0.447103 0.065104 0.012788
5 0.650360 0.468029 0.069754 0.019764
5 0.652685 0.497094 0.058904 0.022089
5 0.653460 0.522089 0.051153 0.020926
5 0.750341 0.622070 0.065104 0.023251
5 0.750341 0.647066 0.071305 0.019764
5 0.748016 0.671480 0.075955 0.026739
5 0.750341 0.695894 0.055804 0.012788
5 0.756541 0.721470 0.058904 0.019764
5 0.756541 0.744722 0.043403 0.022089
5 0.744916 0.765648 0.054253 0.015113
5 0.758867 0.301200 0.066654 0.018601
5 0.771267 0.327939 0.060454 0.020926
5 0.758867 0.355841 0.069754 0.025577
5 0.763517 0.382580 0.088356 0.018601
5 0.761967 0.412226 0.072855 0.022089
5 0.762742 0.438384 0.086806 0.027902
5 0.754216 0.466867 0.057354 0.019764
5 0.764292 0.495931 0.062004 0.024414
5 0.765842 0.521508 0.058904 0.015113
4 0.285311 0.618583 0.021701 0.018601
6 0.752666 0.547666 0.094556 0.023251
4 0.292287 0.644159 0.038752 0.020926
4 0.287636 0.673224 0.017051 0.011626
4 0.296937 0.695894 0.020151 0.017439
4 0.293062 0.719145 0.015501 0.010463
4 0.298487 0.738328 0.010851 0.020926
4 0.293837 0.763323 0.020151 0.012788
