0 0.370100 0.042101 0.303874 0.040799
14 0.461726 0.099392 0.561355 0.092882
11 0.361401 0.156250 0.175133 0.017361
1 0.410694 0.185764 0.218047 0.026042
2 0.414753 0.241319 0.305034 0.029514
5 0.733511 0.315104 0.119075 0.029514
3 0.299930 0.305411 0.256321 0.032697
8 0.748782 0.523438 0.133380 0.045139
7 0.588727 0.482639 0.119462 0.022569
6 0.591046 0.457899 0.121781 0.021701
4 0.038970 0.546441 0.046393 0.033854
4 0.598198 0.311921 0.055672 0.031250
5 0.750522 0.358796 0.119075 0.025463
4 0.585827 0.352431 0.037114 0.026620
3 0.303603 0.349537 0.236604 0.027778
