10 0.406829 0.087384 0.344907 0.026620
1 0.403356 0.126157 0.178241 0.020833
2 0.591435 0.176505 0.248843 0.028935
5 0.659722 0.281250 0.093750 0.071759
4 0.561921 0.270833 0.071759 0.041667
3 0.336227 0.256944 0.252315 0.050926
8 0.670718 0.928819 0.131944 0.063657
7 0.677083 0.979745 0.084491 0.021991
5 0.666667 0.377315 0.093750 0.071759
5 0.674769 0.466435 0.093750 0.071759
5 0.670139 0.563657 0.093750 0.071759
5 0.672454 0.659722 0.093750 0.071759
4 0.594329 0.462963 0.048611 0.032407
4 0.566551 0.548032 0.085648 0.042824
4 0.570602 0.366319 0.059028 0.042824
4 0.588542 0.646991 0.048611 0.032407
3 0.337384 0.353009 0.252315 0.050926
3 0.339699 0.435185 0.252315 0.050926
3 0.336227 0.533565 0.252315 0.050926
3 0.338542 0.624421 0.254630 0.059028
