10 0.408937 0.265131 0.335410 0.023487
1 0.368556 0.310250 0.051919 0.019778
5 0.565524 0.354416 0.066768 0.014162
3 0.345861 0.355527 0.168054 0.021330
4 0.237705 0.352577 0.018780 0.019719
2 0.550682 0.517306 0.152459 0.019778
6 0.469722 0.478358 0.063060 0.016052
8 0.567164 0.498455 0.071697 0.014216
5 0.570532 0.372257 0.066768 0.014162
5 0.570532 0.395732 0.066768 0.014162
5 0.569280 0.413573 0.066768 0.014162
5 0.565524 0.436109 0.066768 0.014162
5 0.565524 0.455828 0.066768 0.014162
3 0.345378 0.376521 0.151492 0.018780
3 0.354142 0.396710 0.164012 0.012207
3 0.352264 0.413612 0.165264 0.021597
3 0.349134 0.456336 0.151492 0.024414
4 0.240209 0.373704 0.018780 0.011268
4 0.238957 0.394362 0.016276 0.015024
4 0.235827 0.418307 0.035056 0.023475
4 0.242087 0.454928 0.015024 0.015963
