0 0.386068 0.025431 0.189887 0.023397
14 0.456597 0.068665 0.337728 0.054932
11 0.370470 0.101980 0.086806 0.011698
5 0.583637 0.267127 0.073687 0.024610
4 0.484975 0.269161 0.025560 0.020541
3 0.354048 0.250336 0.125777 0.020026
6 0.573559 0.575462 0.120062 0.024731
8 0.572291 0.605266 0.124290 0.037414
7 0.606957 0.715288 0.075250 0.025365
2 0.569754 0.789798 0.142891 0.027268
2 0.338931 0.214324 0.098925 0.016487
4 0.489523 0.303004 0.022450 0.013470
4 0.486530 0.335275 0.026940 0.023011
4 0.487278 0.370353 0.023946 0.019082
4 0.486904 0.404308 0.026191 0.016276
4 0.489523 0.435176 0.025443 0.018521
4 0.483911 0.469132 0.020205 0.015715
4 0.487653 0.503929 0.020205 0.020205
5 0.593166 0.305249 0.063608 0.022450
5 0.591670 0.335275 0.065104 0.021888
5 0.597282 0.369792 0.070342 0.013470
5 0.598030 0.402344 0.055376 0.021327
5 0.596908 0.436299 0.057621 0.017399
5 0.600275 0.471096 0.056873 0.016276
5 0.595785 0.503929 0.061363 0.017960
5 0.602520 0.527782 0.038913 0.012909
3 0.356696 0.282518 0.110004 0.016276
3 0.355574 0.315070 0.118235 0.016276
3 0.361560 0.349587 0.137692 0.015715
3 0.354825 0.381858 0.115242 0.011786
3 0.352206 0.414130 0.114494 0.016837
3 0.335369 0.448366 0.095785 0.011225
3 0.356322 0.485688 0.136195 0.018521
3 0.338362 0.524975 0.100275 0.017399
