3 0.414935 0.353516 0.160304 0.022571
3 0.408793 0.391519 0.167674 0.023032
3 0.424762 0.430213 0.168902 0.016583
3 0.416470 0.466373 0.160918 0.017044
3 0.416163 0.503915 0.148020 0.016583
3 0.413399 0.537773 0.157233 0.020729
3 0.412785 0.579922 0.158461 0.016583
4 0.574624 0.579691 0.036237 0.019808
4 0.580459 0.541458 0.027024 0.017044
4 0.573396 0.501843 0.026410 0.019808
4 0.580459 0.465452 0.020882 0.015201
4 0.574931 0.355358 0.017197 0.016122
4 0.585987 0.389446 0.023339 0.015201
4 0.586601 0.426527 0.020882 0.017504
5 0.667674 0.391058 0.045450 0.015662
5 0.675044 0.426297 0.061419 0.015201
5 0.673509 0.469137 0.054663 0.014280
5 0.661532 0.503685 0.062647 0.013359
5 0.665524 0.540767 0.068175 0.014741
5 0.657233 0.578309 0.066333 0.021650
7 0.556198 0.674353 0.074317 0.017504
8 0.640342 0.696925 0.076774 0.016583
5 0.655083 0.351903 0.070632 0.025796
2 0.474204 0.279122 0.171973 0.020268
1 0.460692 0.206571 0.122838 0.017044
12 0.617617 0.205880 0.058348 0.012898
0 0.461306 0.094865 0.227250 0.025796
14 0.504606 0.141159 0.345789 0.070478
11 0.444109 0.187224 0.100727 0.014280
6 0.581994 0.656388 0.074317 0.017504
