0 0.494959 0.049454 0.170829 0.017945
1 0.548656 0.060305 0.144676 0.008764
5 0.617246 0.103962 0.081535 0.020958
3 0.465979 0.114526 0.175192 0.012037
4 0.356133 0.119775 0.017822 0.020867
8 0.609030 0.408779 0.086249 0.032135
7 0.627114 0.467623 0.058983 0.012937
2 0.433471 0.492246 0.169160 0.022953
5 0.620375 0.126648 0.063070 0.013224
5 0.618001 0.148265 0.058322 0.017802
5 0.622070 0.168610 0.070530 0.015767
5 0.621053 0.190989 0.063070 0.008647
5 0.619358 0.212606 0.055610 0.011190
5 0.617662 0.228628 0.059001 0.019836
5 0.619358 0.251770 0.059679 0.014242
5 0.615628 0.271098 0.060357 0.012207
5 0.618001 0.291697 0.063748 0.013733
5 0.617662 0.316366 0.069851 0.012207
5 0.617662 0.332387 0.072564 0.012716
5 0.624783 0.359599 0.061035 0.010173
5 0.625461 0.379435 0.056966 0.015259
3 0.449476 0.132497 0.136312 0.022888
3 0.442017 0.156657 0.115967 0.014242
3 0.454224 0.177511 0.151232 0.016276
3 0.443373 0.200399 0.130887 0.019328
3 0.420993 0.218964 0.071208 0.017802
3 0.438287 0.237528 0.115289 0.014242
3 0.434557 0.256856 0.109185 0.015259
3 0.439304 0.279744 0.111898 0.012207
3 0.444729 0.301361 0.128174 0.011698
3 0.452189 0.322978 0.128174 0.015259
3 0.450494 0.341288 0.128852 0.013224
3 0.451850 0.363159 0.124783 0.009155
3 0.456936 0.385793 0.134956 0.012716
4 0.357585 0.140127 0.014920 0.014750
4 0.355889 0.162252 0.015598 0.017293
4 0.357924 0.182597 0.012885 0.012207
4 0.360636 0.203959 0.014242 0.012207
4 0.357585 0.219472 0.016276 0.016785
4 0.360297 0.243378 0.017632 0.013733
4 0.358602 0.263977 0.025092 0.012207
4 0.359280 0.281525 0.016954 0.012716
4 0.362332 0.304667 0.008138 0.009155
4 0.360636 0.327555 0.026449 0.025431
4 0.360636 0.347900 0.018311 0.010173
4 0.360297 0.366465 0.016276 0.014750
4 0.362671 0.388082 0.018311 0.022380
