0 0.469482 0.244034 0.288900 0.041199
11 0.531026 0.279510 0.165812 0.029755
5 0.718542 0.575065 0.095287 0.030349
4 0.570493 0.574664 0.053502 0.024969
3 0.290993 0.560733 0.235063 0.062720
8 0.687174 0.836838 0.140381 0.068665
11 0.460836 0.909698 0.373332 0.029755
2 0.658691 0.470627 0.225830 0.067139
5 0.734457 0.610636 0.083234 0.024723
5 0.727040 0.668735 0.103013 0.024723
5 0.736106 0.702729 0.079938 0.021015
6 0.727865 0.754030 0.088179 0.019778
4 0.567164 0.612490 0.038733 0.019778
4 0.570461 0.668426 0.020603 0.019160
4 0.569637 0.699948 0.030492 0.022869
3 0.348777 0.621143 0.350244 0.049446
3 0.280789 0.666263 0.210970 0.022251
3 0.244116 0.702111 0.135977 0.025959
