10 0.375217 0.105887 0.461930 0.032552
1 0.310113 0.129139 0.151910 0.025577
5 0.555338 0.211034 0.118426 0.026607
3 0.307881 0.210144 0.234251 0.027151
4 0.168284 0.212579 0.038762 0.029697
8 0.438403 0.523627 0.067155 0.039277
2 0.534828 0.571609 0.184462 0.018601
11 0.451172 0.599400 0.136409 0.033715
3 0.290678 0.240407 0.189544 0.017306
3 0.294798 0.262349 0.181303 0.024105
3 0.292738 0.287381 0.180479 0.023487
3 0.296034 0.313341 0.188720 0.019778
3 0.290266 0.335282 0.185423 0.020397
3 0.284497 0.358769 0.175534 0.017924
3 0.293562 0.384420 0.168941 0.022251
3 0.276668 0.409452 0.156580 0.020397
3 0.300567 0.432630 0.191192 0.022251
3 0.300979 0.457662 0.192016 0.020397
3 0.293150 0.504945 0.179655 0.019778
4 0.168298 0.240716 0.027195 0.016688
4 0.171183 0.262967 0.034612 0.017924
4 0.168298 0.289545 0.022251 0.016688
4 0.170359 0.310868 0.018130 0.019778
4 0.166650 0.337137 0.027195 0.021633
4 0.166650 0.357842 0.018954 0.016070
4 0.169535 0.384110 0.026371 0.016688
4 0.170771 0.406979 0.030492 0.019160
4 0.169122 0.431084 0.023899 0.017924
4 0.167886 0.453644 0.021427 0.022251
4 0.174479 0.502472 0.024723 0.021015
5 0.551506 0.239480 0.073345 0.014216
5 0.558923 0.259259 0.063456 0.017924
5 0.561808 0.285836 0.085707 0.016688
5 0.558099 0.311486 0.083234 0.021015
5 0.569637 0.335591 0.112902 0.018542
5 0.556863 0.358151 0.065928 0.016688
5 0.558099 0.385656 0.071697 0.024723
5 0.562632 0.407288 0.051094 0.014834
5 0.560160 0.434793 0.079114 0.020397
5 0.562632 0.458898 0.067576 0.024105
5 0.551919 0.479294 0.080762 0.014216
5 0.568401 0.502781 0.057687 0.012980
