0 0.506200 0.205869 0.431961 0.048828
2 0.649880 0.291564 0.179856 0.050585
15 0.323266 0.330556 0.188599 0.035831
5 0.645568 0.406985 0.138758 0.050986
3 0.351879 0.455729 0.103340 0.029452
4 0.255870 0.458400 0.036320 0.028760
8 0.651754 0.659004 0.118655 0.042154
11 0.544964 0.775981 0.174860 0.034426
3 0.372547 0.534784 0.274195 0.024802
3 0.299521 0.578575 0.117119 0.024027
3 0.340856 0.620040 0.205302 0.017051
5 0.668789 0.462705 0.111607 0.026352
5 0.655699 0.506107 0.143298 0.034102
5 0.666033 0.547960 0.125386 0.024802
5 0.670166 0.597951 0.136409 0.030227
4 0.255429 0.504945 0.023424 0.016276
4 0.254051 0.598338 0.034447 0.017051
4 0.255429 0.550673 0.026179 0.013176
