0 0.481024 0.227710 0.270907 0.023604
1 0.433662 0.244719 0.103364 0.017356
5 0.607001 0.304617 0.057445 0.016914
5 0.607639 0.323606 0.047658 0.012127
5 0.607639 0.340999 0.052764 0.012446
5 0.606150 0.357435 0.057445 0.014042
5 0.605724 0.377540 0.054892 0.012766
5 0.612958 0.393338 0.065104 0.014361
5 0.608064 0.412486 0.073189 0.013085
5 0.608915 0.429879 0.048509 0.008936
8 0.519982 0.463867 0.066381 0.022021
6 0.519770 0.444240 0.068508 0.017872
2 0.581682 0.499770 0.131059 0.017872
3 0.411263 0.300947 0.124677 0.019148
3 0.409773 0.318819 0.126804 0.014680
3 0.409135 0.334935 0.131485 0.021382
3 0.379136 0.352967 0.068083 0.013404
3 0.409135 0.370998 0.136591 0.017553
3 0.415092 0.389827 0.138293 0.018191
3 0.370626 0.406263 0.065530 0.010851
3 0.413390 0.425092 0.149357 0.019148
