0 0.410935 0.270850 0.136329 0.028379
1 0.469084 0.302985 0.116854 0.018363
2 0.442096 0.355986 0.106281 0.020867
4 0.544482 0.478057 0.016137 0.017111
4 0.543369 0.497671 0.027266 0.014607
4 0.545595 0.513113 0.019476 0.014607
4 0.545595 0.529597 0.018363 0.014189
4 0.545595 0.549212 0.027266 0.018363
5 0.625723 0.478683 0.060653 0.015859
5 0.627671 0.493915 0.050080 0.012103
5 0.629340 0.511652 0.048967 0.012520
5 0.630175 0.530015 0.067330 0.010851
5 0.629062 0.546708 0.056201 0.015024
8 0.620159 0.569661 0.081798 0.015024
13 0.604022 0.590737 0.033943 0.013772
7 0.646868 0.605761 0.069556 0.017111
8 0.612090 0.623915 0.092370 0.017528
3 0.385895 0.481395 0.089588 0.011268
3 0.384226 0.498715 0.078459 0.014189
3 0.392016 0.516034 0.089588 0.017945
3 0.380053 0.535440 0.072338 0.016693
3 0.389790 0.550881 0.076233 0.014189
