10 0.456486 0.229931 0.364886 0.017790
9 0.444121 0.270243 0.433018 0.045422
5 0.635144 0.449090 0.096395 0.022332
5 0.634135 0.496593 0.107498 0.025739
5 0.632116 0.551667 0.101441 0.021575
5 0.622527 0.603523 0.130713 0.024603
5 0.642210 0.655001 0.092357 0.025360
5 0.636911 0.710074 0.111030 0.030281
8 0.610162 0.770637 0.172602 0.031038
2 0.345203 0.884001 0.194808 0.033688
4 0.242248 0.480507 0.021197 0.019304
4 0.244519 0.527821 0.021701 0.017790
4 0.246790 0.581569 0.013122 0.017033
4 0.247547 0.634750 0.017664 0.016655
4 0.249314 0.687174 0.017159 0.012491
4 0.255117 0.736760 0.015645 0.015519
3 0.325521 0.459688 0.117087 0.017033
3 0.358578 0.504731 0.180172 0.014005
3 0.357316 0.557534 0.173611 0.023468
3 0.320726 0.610147 0.104469 0.024225
3 0.330820 0.663896 0.123647 0.021197
3 0.274548 0.714995 0.064599 0.014383
5 0.327540 0.528578 0.045422 0.024603
5 0.338138 0.580245 0.057534 0.018926
5 0.340914 0.629830 0.061067 0.015141
5 0.337129 0.681686 0.056525 0.016655
5 0.353278 0.732785 0.067628 0.020440
