10 0.465446 0.200535 0.168429 0.018219
1 0.436781 0.244748 0.094903 0.015304
2 0.377831 0.308759 0.113689 0.017977
5 0.572496 0.328314 0.048909 0.017734
5 0.579298 0.350785 0.039840 0.016033
5 0.568771 0.371920 0.058950 0.016519
2 0.472734 0.754893 0.162275 0.024050
8 0.570228 0.394633 0.046966 0.018219
8 0.568447 0.418076 0.049233 0.016033
4 0.324225 0.331715 0.017491 0.012875
4 0.319043 0.351514 0.020730 0.011175
4 0.323254 0.373377 0.020730 0.015061
4 0.395160 0.395605 0.014899 0.014333
3 0.407144 0.329651 0.129561 0.019434
3 0.429169 0.349813 0.171668 0.019920
3 0.404229 0.372163 0.139278 0.017977
