0 0.361500 0.112830 0.238920 0.028560
1 0.388217 0.203807 0.151091 0.014280
2 0.391595 0.260235 0.219266 0.019347
11 0.347374 0.188145 0.122224 0.018886
4 0.524568 0.323113 0.022111 0.016122
4 0.523953 0.350982 0.020882 0.014741
4 0.521804 0.383457 0.016583 0.012437
4 0.527024 0.413169 0.028253 0.013819
4 0.523032 0.442880 0.021497 0.018886
4 0.524568 0.470749 0.013512 0.012898
4 0.533473 0.530172 0.036237 0.017504
8 0.631744 0.574854 0.081687 0.030402
5 0.635736 0.319428 0.093357 0.019808
5 0.649862 0.351212 0.078616 0.017044
5 0.644028 0.380003 0.073089 0.016583
5 0.648327 0.442189 0.066947 0.017504
5 0.653855 0.410866 0.068175 0.018426
5 0.652319 0.468907 0.066333 0.019347
3 0.320349 0.322653 0.171359 0.016122
3 0.316664 0.353516 0.155390 0.016122
3 0.323420 0.382997 0.163989 0.012437
3 0.324956 0.414551 0.167060 0.015662
3 0.317893 0.444723 0.146791 0.013359
3 0.322806 0.473513 0.155390 0.017504
7 0.527946 0.564029 0.080459 0.019808
