0 0.419872 0.086604 0.146484 0.014555
1 0.538499 0.116887 0.152118 0.015024
5 0.625658 0.299962 0.070705 0.019426
5 0.630908 0.318076 0.061604 0.012601
5 0.629858 0.336715 0.070705 0.014176
5 0.629158 0.351941 0.072105 0.011026
5 0.630558 0.370579 0.076305 0.016801
6 0.625658 0.452747 0.074905 0.014176
8 0.627758 0.468235 0.080505 0.012601
2 0.481964 0.225507 0.217307 0.022435
3 0.450732 0.305677 0.235783 0.013857
3 0.417300 0.319204 0.167159 0.015836
3 0.430937 0.339659 0.187394 0.015836
3 0.441054 0.355165 0.214668 0.012537
3 0.447213 0.374630 0.226985 0.013197
4 0.290171 0.273015 0.025514 0.017156
4 0.293250 0.291821 0.017596 0.015176
4 0.294130 0.389147 0.024634 0.025074
4 0.295450 0.417520 0.025514 0.015836
