5 0.649376 0.403765 0.099068 0.020870
3 0.329727 0.400286 0.165630 0.023189
4 0.193508 0.397388 0.035603 0.028987
8 0.523219 0.570147 0.082041 0.031305
0 0.439630 0.283181 0.518560 0.041741
5 0.656342 0.431592 0.078945 0.018551
5 0.655568 0.451882 0.099068 0.024349
5 0.656342 0.479709 0.094424 0.017392
5 0.658664 0.508696 0.108356 0.022030
5 0.667177 0.543480 0.078945 0.019711
3 0.321987 0.425215 0.165630 0.028987
3 0.339788 0.457100 0.191945 0.020870
3 0.341336 0.486086 0.216712 0.025508
4 0.196604 0.426954 0.026315 0.023189
4 0.196604 0.457680 0.029411 0.033624
4 0.193508 0.488405 0.032507 0.027827
