0 0.314854 0.205882 0.460251 0.028235
2 0.741632 0.246471 0.209205 0.029412
11 0.223849 0.304706 0.274059 0.032941
5 0.797071 0.420588 0.131799 0.029412
3 0.320084 0.428824 0.345188 0.034118
8 0.817992 0.875882 0.202929 0.034118
14 0.284519 0.254118 0.370293 0.054118
3 0.370293 0.505882 0.462343 0.030588
5 0.802301 0.500000 0.150628 0.025882
5 0.803347 0.548824 0.131799 0.034118
5 0.824268 0.602353 0.144351 0.025882
5 0.807531 0.648235 0.119247 0.035294
5 0.832636 0.737647 0.161088 0.021176
3 0.228033 0.548235 0.265690 0.030588
3 0.287657 0.605882 0.376569 0.037647
3 0.305439 0.654118 0.282427 0.030588
3 0.259414 0.687059 0.345188 0.040000
3 0.370293 0.739412 0.453975 0.027059
3 0.408996 0.773529 0.640167 0.031765
