9 0.549383 0.234954 0.322531 0.018519
11 0.593364 0.282407 0.163580 0.023148
9 0.548611 0.263310 0.478395 0.019676
2 0.717593 0.442708 0.199074 0.026620
5 0.760802 0.531250 0.106481 0.025463
4 0.651235 0.531250 0.041667 0.016204
3 0.333333 0.537616 0.091049 0.021991
6 0.756944 0.638889 0.111111 0.034722
8 0.748457 0.695602 0.128086 0.032407
4 0.652778 0.555556 0.029321 0.023148
4 0.658951 0.588542 0.041667 0.024306
5 0.778549 0.556134 0.067901 0.017361
5 0.777778 0.587963 0.069444 0.025463
3 0.334105 0.563079 0.098765 0.021991
3 0.338735 0.589699 0.086420 0.017361
