0 0.421774 0.063248 0.454839 0.025372
1 0.320968 0.134529 0.233871 0.020539
2 0.288710 0.220309 0.324194 0.020539
5 0.573758 0.290053 0.055901 0.024426
3 0.257709 0.297005 0.187998 0.033784
4 0.134076 0.306491 0.043959 0.033423
6 0.623387 0.521143 0.135484 0.027788
7 0.639516 0.550139 0.132258 0.025372
8 0.637097 0.588196 0.230645 0.048327
5 0.576087 0.324947 0.069876 0.019773
5 0.562888 0.360423 0.046584 0.023263
5 0.561335 0.395899 0.027950 0.017447
5 0.557453 0.426140 0.035714 0.029079
5 0.565217 0.463943 0.041925 0.018610
5 0.563665 0.493603 0.038820 0.017447
3 0.285714 0.335415 0.222050 0.026752
3 0.295807 0.369146 0.251553 0.026752
3 0.307453 0.403459 0.274845 0.027915
3 0.309783 0.438353 0.273292 0.025589
3 0.339286 0.471503 0.322981 0.029079
3 0.308230 0.506979 0.245342 0.030242
4 0.140528 0.340649 0.024845 0.018610
4 0.140528 0.378452 0.034161 0.024426
4 0.145186 0.410438 0.024845 0.023263
4 0.144410 0.439517 0.026398 0.018610
4 0.148292 0.476156 0.037267 0.026752
4 0.162267 0.505234 0.034161 0.033731
