0 0.364198 0.160088 0.195988 0.026637
11 0.375361 0.204456 0.145883 0.018971
2 0.442901 0.303118 0.186728 0.018530
1 0.464608 0.275461 0.134055 0.020570
5 0.515432 0.396347 0.069444 0.035902
3 0.361970 0.426896 0.215875 0.081353
4 0.220679 0.403875 0.035494 0.044009
8 0.504630 0.704989 0.115741 0.025479
5 0.517747 0.476837 0.058642 0.030111
5 0.524691 0.564855 0.078704 0.023163
13 0.537037 0.675457 0.087963 0.019688
6 0.522377 0.641871 0.098765 0.022004
3 0.361883 0.513898 0.216049 0.088018
3 0.351080 0.568909 0.188272 0.024321
4 0.216821 0.483207 0.030864 0.026637
4 0.215278 0.567172 0.033951 0.027795
