0 0.428824 0.130787 0.505925 0.048611
1 0.512504 0.313079 0.346260 0.031250
2 0.661588 0.383102 0.405894 0.032407
12 0.534626 0.273727 0.505925 0.028935
5 0.808749 0.583912 0.165436 0.035880
5 0.828947 0.844907 0.151970 0.032407
8 0.779894 0.924190 0.269314 0.040509
19 0.163358 0.892940 0.086565 0.033565
7 0.831833 0.880787 0.173130 0.030093
3 0.384580 0.599537 0.621345 0.057870
3 0.325908 0.650463 0.346260 0.027778
3 0.308595 0.688657 0.327024 0.037037
3 0.245114 0.721644 0.200062 0.026620
3 0.245114 0.756366 0.200062 0.026620
3 0.411511 0.793981 0.498230 0.037037
8 0.835680 0.975116 0.176978 0.031250
15 0.499038 0.427662 0.126962 0.045139
