7 0.449193 0.299365 0.348389 0.034994
2 0.243893 0.370521 0.410601 0.032661
4 0.618203 0.483669 0.047696 0.023330
5 0.859794 0.487169 0.149309 0.020997
3 0.208639 0.477254 0.344241 0.026829
6 0.835946 0.578737 0.172121 0.033828
8 0.821430 0.609649 0.155531 0.020997
7 0.863942 0.694219 0.145162 0.033828
3 0.217971 0.501166 0.308988 0.025663
3 0.149538 0.520413 0.217743 0.026829
3 0.248040 0.544326 0.356684 0.023330
4 0.625461 0.504666 0.053917 0.011665
4 0.618203 0.527412 0.047696 0.026829
4 0.620277 0.549575 0.035254 0.022163
5 0.867052 0.509915 0.118203 0.015164
5 0.855647 0.529745 0.132720 0.017497
5 0.878458 0.550159 0.124425 0.018664
