10 0.481011 0.126648 0.126139 0.020345
2 0.594604 0.312805 0.122748 0.017293
8 0.627157 0.593058 0.067139 0.025431
5 0.637668 0.565084 0.054253 0.014242
5 0.635973 0.549825 0.052219 0.013224
5 0.638346 0.520579 0.048828 0.014750
5 0.632582 0.494893 0.048150 0.013224
5 0.634277 0.464884 0.040690 0.012207
5 0.633260 0.451660 0.044081 0.010173
5 0.635973 0.424703 0.048150 0.014242
3 0.374539 0.433858 0.123427 0.029500
3 0.359390 0.455259 0.085802 0.010725
3 0.377830 0.475157 0.123434 0.026249
3 0.378959 0.502676 0.124187 0.024837
3 0.377642 0.530900 0.126069 0.025402
3 0.367293 0.562229 0.106124 0.031047
4 0.483340 0.428284 0.019182 0.012643
4 0.483340 0.453570 0.016857 0.011771
4 0.485084 0.468393 0.012207 0.013515
4 0.482759 0.495858 0.020345 0.015259
4 0.482468 0.523978 0.017439 0.015695
4 0.484212 0.551662 0.020926 0.012643
4 0.484503 0.567357 0.014532 0.011771
4 0.483631 0.594387 0.034877 0.018747
5 0.630987 0.774222 0.064523 0.016567
5 0.636800 0.789481 0.051735 0.013951
5 0.630406 0.804522 0.057547 0.015259
5 0.640578 0.822178 0.046503 0.013951
3 0.375802 0.632098 0.129627 0.027902
3 0.376674 0.665013 0.130208 0.030954
3 0.378127 0.694659 0.135440 0.023978
3 0.358073 0.718201 0.099981 0.017875
4 0.485084 0.625776 0.022670 0.017003
4 0.486247 0.657166 0.023833 0.016131
4 0.483050 0.684195 0.018601 0.014387
4 0.481887 0.716021 0.016276 0.016131
5 0.641450 0.654114 0.041271 0.022234
5 0.644938 0.687465 0.048247 0.019182
5 0.644357 0.716021 0.043597 0.019618
1 0.609701 0.286133 0.098307 0.013672
