0 0.214180 0.042245 0.392230 0.065972
5 0.868102 0.121528 0.160851 0.041667
3 0.371938 0.111111 0.574115 0.050926
4 0.030438 0.100116 0.049493 0.045139
6 0.790770 0.832176 0.214056 0.037037
8 0.798812 0.942708 0.197971 0.047454
5 0.863153 0.185185 0.160851 0.041667
5 0.866865 0.283565 0.160851 0.041667
5 0.853254 0.377315 0.160851 0.041667
5 0.856966 0.451389 0.160851 0.041667
5 0.847686 0.586227 0.204157 0.038194
5 0.847686 0.586227 0.204157 0.038194
5 0.852635 0.649884 0.204157 0.038194
5 0.855110 0.720486 0.204157 0.038194
3 0.375650 0.184028 0.574115 0.050926
3 0.374412 0.368056 0.574115 0.050926
3 0.272952 0.277778 0.395942 0.057870
3 0.376887 0.439815 0.574115 0.050926
3 0.379362 0.511574 0.574115 0.050926
3 0.378124 0.572917 0.574115 0.050926
3 0.379362 0.651620 0.574115 0.050926
3 0.243875 0.716435 0.303143 0.043981
4 0.036625 0.174190 0.049493 0.045139
4 0.041574 0.264468 0.049493 0.045139
4 0.041574 0.353588 0.049493 0.045139
4 0.041574 0.426505 0.049493 0.045139
4 0.036625 0.499421 0.049493 0.045139
4 0.040337 0.575810 0.049493 0.045139
4 0.045286 0.648727 0.049493 0.045139
4 0.041574 0.728588 0.049493 0.045139
13 0.820465 0.878472 0.174462 0.041667
