0 0.506200 0.092518 0.181362 0.066267
11 0.536294 0.159606 0.115990 0.014031
1 0.541532 0.205909 0.126467 0.020205
5 0.638094 0.272125 0.083121 0.028041
4 0.513896 0.278050 0.023302 0.029788
3 0.403580 0.293253 0.156580 0.021633
8 0.629086 0.578293 0.112997 0.047706
2 0.407208 0.772203 0.155651 0.019082
3 0.398635 0.348571 0.148339 0.021015
3 0.413469 0.410379 0.178006 0.022251
3 0.402756 0.464770 0.143394 0.024723
3 0.385450 0.521633 0.140098 0.013598
4 0.517718 0.333119 0.033788 0.021015
4 0.513186 0.388128 0.031316 0.022251
4 0.514422 0.449936 0.025547 0.022251
4 0.511125 0.505254 0.030492 0.024105
4 0.647102 0.330647 0.096420 0.023487
4 0.638037 0.386274 0.076642 0.023487
4 0.635153 0.445609 0.074169 0.019778
4 0.657816 0.505872 0.060160 0.019160
