0 0.393279 0.022535 0.254648 0.031522
1 0.453850 0.040150 0.232397 0.011125
5 0.572898 0.107009 0.107886 0.024936
3 0.306165 0.105070 0.199092 0.032183
4 0.172895 0.100999 0.041333 0.030222
8 0.565104 0.573551 0.145042 0.058099
7 0.574993 0.660700 0.092300 0.018542
2 0.287381 0.696858 0.237342 0.031522
4 0.171112 0.135052 0.020205 0.021047
4 0.168867 0.172936 0.033675 0.024414
4 0.166622 0.202401 0.040409 0.021047
4 0.169989 0.232287 0.040409 0.020205
4 0.167183 0.264278 0.034797 0.020205
4 0.165499 0.297532 0.024695 0.027782
4 0.171673 0.332890 0.030307 0.015995
4 0.172795 0.361934 0.032552 0.026940
4 0.171673 0.397713 0.028062 0.022730
4 0.171112 0.432651 0.024695 0.013470
4 0.174479 0.463379 0.026940 0.021047
4 0.166622 0.493686 0.029185 0.012628
4 0.176724 0.528202 0.024695 0.015995
3 0.303004 0.138419 0.191945 0.032833
3 0.274942 0.162412 0.131331 0.037042
3 0.282238 0.201559 0.143678 0.021047
3 0.301320 0.227657 0.186333 0.022730
3 0.294585 0.260490 0.195313 0.026098
3 0.277748 0.290376 0.163883 0.026940
3 0.253053 0.327418 0.112249 0.033675
3 0.300759 0.358567 0.200925 0.025256
3 0.327137 0.392241 0.233477 0.028623
3 0.326576 0.424232 0.254804 0.011786
3 0.287850 0.463379 0.188578 0.026098
3 0.312545 0.494107 0.208782 0.021888
3 0.335556 0.526098 0.250314 0.021888
5 0.575207 0.133789 0.078574 0.021888
5 0.583625 0.164517 0.090921 0.031149
5 0.580819 0.192299 0.074084 0.027782
5 0.574084 0.222606 0.101024 0.021047
5 0.577452 0.257122 0.087554 0.027782
5 0.584748 0.290797 0.095411 0.026098
5 0.572400 0.323209 0.099901 0.025256
5 0.578013 0.358988 0.113371 0.027782
5 0.579135 0.399818 0.086431 0.023572
5 0.583625 0.428442 0.079696 0.021888
5 0.584186 0.460011 0.110004 0.019363
5 0.575768 0.489898 0.090921 0.018521
5 0.581941 0.525256 0.094289 0.031991
