0 0.496929 0.064923 0.224794 0.019347
1 0.551899 0.078973 0.183643 0.014280
5 0.650083 0.140486 0.080286 0.023989
3 0.447448 0.145388 0.194622 0.021816
4 0.319946 0.145762 0.030518 0.027171
8 0.656311 0.260696 0.113625 0.041458
7 0.662760 0.330023 0.094585 0.017044
2 0.410635 0.359965 0.211896 0.018886
4 0.324015 0.171555 0.022380 0.030518
4 0.322998 0.202072 0.024414 0.022888
4 0.322489 0.222672 0.015259 0.015259
3 0.436930 0.166214 0.166829 0.035095
3 0.424723 0.194824 0.152588 0.017548
3 0.434387 0.223053 0.159709 0.020599
5 0.663778 0.168884 0.085449 0.016022
5 0.662760 0.194061 0.081380 0.017548
5 0.652079 0.221146 0.086466 0.013733
