10 0.415716 0.356082 0.360027 0.027361
1 0.353804 0.376407 0.152959 0.025797
5 0.578794 0.455722 0.074344 0.023390
3 0.329441 0.456003 0.177070 0.027078
4 0.211446 0.448434 0.021801 0.029993
2 0.554108 0.619528 0.162324 0.032051
3 0.333897 0.483134 0.175544 0.021543
3 0.328302 0.505727 0.197924 0.020492
3 0.308370 0.526744 0.120293 0.019441
3 0.342640 0.550652 0.188832 0.018916
8 0.483565 0.574296 0.076232 0.018916
5 0.588122 0.479981 0.064343 0.015237
5 0.586723 0.503100 0.067140 0.019441
5 0.598612 0.525431 0.074134 0.014712
5 0.592318 0.548813 0.057349 0.016288
4 0.210457 0.478668 0.026576 0.015763
4 0.205911 0.497058 0.021681 0.016814
4 0.209058 0.520177 0.016785 0.024170
4 0.209408 0.548024 0.025877 0.017865
