10 0.371895 0.225000 0.398693 0.029412
1 0.466993 0.350490 0.208497 0.017647
2 0.235948 0.405392 0.220915 0.031373
9 0.381699 0.284069 0.494118 0.061275
5 0.684314 0.445253 0.098039 0.032664
4 0.542683 0.448780 0.041463 0.020732
3 0.289144 0.452164 0.346915 0.029818
6 0.624183 0.522794 0.125490 0.023039
7 0.616993 0.545098 0.094118 0.019608
8 0.569608 0.569118 0.195425 0.024510
15 0.216340 0.655882 0.156863 0.039216
11 0.340196 0.789706 0.153595 0.042157
5 0.687805 0.473171 0.091057 0.026829
4 0.548374 0.477439 0.047967 0.026829
3 0.296748 0.481098 0.343089 0.023171
