0 0.332636 0.200588 0.441423 0.031765
14 0.274059 0.257059 0.357741 0.060000
2 0.753138 0.255294 0.261506 0.065882
18 0.784519 0.303529 0.127615 0.023529
11 0.250000 0.305882 0.251046 0.028235
5 0.785490 0.421429 0.129558 0.024034
3 0.318216 0.422773 0.354005 0.026723
8 0.807531 0.881765 0.207113 0.038824
3 0.262104 0.503025 0.239091 0.032941
3 0.225045 0.547395 0.236701 0.030252
3 0.214883 0.602521 0.268978 0.035630
3 0.238793 0.653613 0.175732 0.030252
3 0.268679 0.740672 0.254632 0.029580
5 0.815601 0.736639 0.145846 0.026891
5 0.801853 0.651261 0.142259 0.036303
5 0.803646 0.595462 0.124328 0.028235
5 0.794082 0.547731 0.105200 0.028235
5 0.799462 0.498992 0.111178 0.018151
