0 0.436015 0.101439 0.306265 0.017881
14 0.453437 0.159379 0.374120 0.047109
12 0.501119 0.130495 0.062353 0.013411
11 0.474985 0.188779 0.125624 0.013067
1 0.501119 0.204253 0.144880 0.016505
5 0.526335 0.344720 0.069689 0.023726
5 0.625825 0.344892 0.066021 0.026821
5 0.623304 0.391485 0.062812 0.026477
5 0.530691 0.392172 0.072898 0.016161
5 0.523126 0.436530 0.092613 0.018912
5 0.619407 0.441688 0.073357 0.018225
5 0.537109 0.491204 0.076566 0.023039
5 0.526106 0.533499 0.053642 0.022351
5 0.535046 0.578888 0.062353 0.023039
5 0.622845 0.487765 0.062812 0.027853
5 0.621240 0.532295 0.063270 0.026821
5 0.626971 0.578373 0.076566 0.027509
8 0.626971 0.650239 0.077483 0.013754
4 0.444955 0.580092 0.017881 0.018568
4 0.445413 0.535218 0.020632 0.012723
4 0.447706 0.486562 0.025216 0.022007
4 0.451144 0.345064 0.014671 0.020975
4 0.447477 0.391313 0.011004 0.013754
4 0.450915 0.438937 0.016964 0.017537
4 0.651729 0.616541 0.027967 0.022695
16 0.279902 0.747552 0.028884 0.022695
7 0.618490 0.749615 0.072440 0.022007
2 0.300304 0.781250 0.160468 0.017881
3 0.307869 0.315492 0.152674 0.014786
3 0.291593 0.361569 0.111869 0.018912
3 0.314517 0.406271 0.156800 0.021663
3 0.371598 0.456990 0.274630 0.019256
3 0.272108 0.503239 0.080234 0.018225
3 0.341338 0.551208 0.156342 0.015130
