0 0.515332 0.033011 0.216403 0.029572
1 0.554761 0.059488 0.131125 0.016505
11 0.493095 0.074618 0.102241 0.012379
2 0.561638 0.113646 0.139378 0.015474
5 0.602901 0.133590 0.066021 0.009972
5 0.601067 0.142186 0.060519 0.010660
5 0.604964 0.164193 0.059144 0.009284
5 0.607715 0.185512 0.051808 0.009972
5 0.607257 0.197720 0.048140 0.008940
5 0.606798 0.219211 0.049057 0.009284
5 0.606798 0.232621 0.048140 0.008597
8 0.600380 0.254456 0.054559 0.011004
8 0.600150 0.267695 0.056852 0.012035
7 0.610008 0.306723 0.051808 0.008940
16 0.495617 0.308271 0.021090 0.012723
13 0.595566 0.152502 0.070606 0.011347
13 0.599233 0.174509 0.062353 0.011347
13 0.597858 0.207863 0.063270 0.009972
13 0.598775 0.241390 0.058685 0.014442
13 0.597400 0.357614 0.080692 0.011691
13 0.597400 0.368446 0.057768 0.007221
13 0.598087 0.380309 0.062812 0.011691
13 0.500660 0.392000 0.076108 0.010316
3 0.378475 0.139091 0.141670 0.014786
3 0.378705 0.150439 0.136627 0.009972
3 0.388103 0.190842 0.148089 0.010316
3 0.387416 0.204253 0.154966 0.011691
3 0.384206 0.226088 0.162302 0.007909
3 0.386269 0.236748 0.164594 0.007221
