16 0.357316 0.276488 0.045422 0.020061
0 0.392644 0.048624 0.152414 0.012491
8 0.572311 0.427515 0.079740 0.010977
7 0.569283 0.273082 0.061571 0.013248
6 0.572059 0.256427 0.058039 0.013248
8 0.567769 0.292954 0.055515 0.015898
5 0.569535 0.219711 0.049964 0.014762
5 0.571554 0.201164 0.044917 0.007949
5 0.573068 0.187538 0.066114 0.014005
3 0.305333 0.193216 0.089834 0.012491
3 0.292212 0.208167 0.052487 0.013626
3 0.317194 0.225957 0.098413 0.011355
3 0.288427 0.245829 0.042898 0.012491
3 0.345203 0.261348 0.151405 0.011734
2 0.533198 0.455903 0.150900 0.019304
