0 0.443112 0.210059 0.196827 0.015898
14 0.520329 0.242990 0.403747 0.053749
11 0.432261 0.276110 0.116582 0.015519
1 0.461785 0.290872 0.147368 0.016276
12 0.633882 0.293711 0.061571 0.020440
2 0.473645 0.343107 0.209444 0.018547
5 0.688388 0.399694 0.060562 0.012869
5 0.681827 0.425622 0.066618 0.018547
5 0.692426 0.455146 0.095890 0.013248
5 0.694697 0.480885 0.080245 0.012491
5 0.692426 0.506245 0.051478 0.014005
5 0.693435 0.535391 0.079740 0.010977
5 0.690659 0.563401 0.054001 0.014005
8 0.661388 0.656136 0.103460 0.014762
8 0.670724 0.672412 0.111030 0.014005
6 0.598302 0.630208 0.105479 0.014383
7 0.579629 0.644403 0.063085 0.007949
4 0.580638 0.401397 0.020692 0.017033
4 0.577106 0.428083 0.020692 0.017412
4 0.577610 0.455714 0.017664 0.015898
4 0.580891 0.482021 0.029272 0.014005
4 0.579629 0.506056 0.024729 0.013626
4 0.574834 0.532363 0.021197 0.013248
4 0.573320 0.560751 0.019178 0.011734
3 0.400719 0.397612 0.160489 0.020061
3 0.393401 0.424676 0.136769 0.019683
3 0.388102 0.452875 0.129199 0.015519
3 0.391382 0.480317 0.151910 0.016655
3 0.393653 0.507949 0.147368 0.015141
3 0.389616 0.529713 0.142321 0.018547
3 0.389868 0.559237 0.149891 0.016276
