0 0.519720 0.362246 0.199208 0.030048
14 0.526120 0.387078 0.281005 0.025457
2 0.407318 0.451973 0.173611 0.016693
2 0.402867 0.512278 0.163595 0.017111
5 0.699731 0.548586 0.089588 0.021284
5 0.701400 0.575087 0.062878 0.021701
5 0.708077 0.598458 0.066217 0.019197
6 0.705573 0.630384 0.084580 0.017111
8 0.704460 0.649790 0.076790 0.012520
3 0.423177 0.546499 0.146345 0.021284
3 0.426516 0.571331 0.186409 0.022536
3 0.435141 0.598458 0.186966 0.029213
4 0.328860 0.546708 0.023371 0.016693
4 0.328860 0.570705 0.010016 0.017111
4 0.327747 0.596788 0.017806 0.015024
