0 0.395609 0.351411 0.383890 0.024414
1 0.335556 0.374983 0.167250 0.022730
5 0.590921 0.451593 0.094289 0.017679
5 0.586431 0.477691 0.080819 0.027782
5 0.585870 0.502947 0.072962 0.019363
5 0.590360 0.528623 0.097656 0.021888
5 0.596534 0.554721 0.130208 0.018521
5 0.588115 0.581661 0.079696 0.023572
8 0.473060 0.635119 0.098779 0.019363
6 0.463519 0.604391 0.093166 0.020205
3 0.308055 0.459591 0.190823 0.016837
3 0.309739 0.486530 0.196435 0.015154
3 0.314790 0.510102 0.188578 0.016837
3 0.330505 0.536621 0.224497 0.021047
3 0.286728 0.563561 0.152658 0.019363
3 0.314229 0.587133 0.198680 0.021047
4 0.186827 0.462116 0.017960 0.020205
4 0.182898 0.488214 0.028062 0.025256
4 0.185143 0.513049 0.021327 0.017679
4 0.184020 0.536200 0.030307 0.021888
4 0.185143 0.561456 0.028062 0.018521
4 0.181775 0.589659 0.048267 0.027782
2 0.562859 0.661217 0.193068 0.019363
