0 0.420382 0.058314 0.121085 0.039498
11 0.424736 0.085527 0.102425 0.009330
1 0.513684 0.098123 0.105328 0.018349
2 0.332056 0.564789 0.138502 0.021771
8 0.516380 0.603043 0.071739 0.019282
5 0.517416 0.200600 0.049761 0.019904
5 0.520734 0.245540 0.042297 0.017105
8 0.517002 0.284416 0.057225 0.015861
8 0.512648 0.320804 0.062616 0.017105
4 0.306139 0.241342 0.016172 0.018038
4 0.307383 0.196090 0.015343 0.015239
5 0.411674 0.195779 0.053908 0.022082
5 0.415199 0.240253 0.061787 0.027680
2 0.352790 0.383938 0.160065 0.025814
