0 0.412551 0.028935 0.452675 0.018519
1 0.396091 0.046875 0.201646 0.015046
5 0.712963 0.101273 0.131687 0.028935
3 0.330247 0.097801 0.246914 0.026620
8 0.706790 0.465278 0.144033 0.025463
2 0.440329 0.905093 0.170782 0.032407
3 0.331962 0.132780 0.251486 0.023791
3 0.334819 0.166217 0.252629 0.021219
3 0.361683 0.198045 0.297211 0.029578
3 0.367970 0.230195 0.314358 0.030864
3 0.355967 0.265239 0.308642 0.030221
3 0.290809 0.301890 0.230910 0.028935
3 0.370256 0.337577 0.309785 0.029578
6 0.709191 0.373585 0.118884 0.020576
5 0.715478 0.134066 0.117741 0.017361
5 0.711477 0.164609 0.114312 0.024434
5 0.719479 0.198045 0.112026 0.025720
5 0.716621 0.230195 0.108596 0.029578
5 0.721193 0.299961 0.113169 0.025077
5 0.721765 0.335648 0.109739 0.025720
11 0.629133 0.049010 0.167447 0.016762
