0 0.463379 0.174581 0.345052 0.031689
1 0.526042 0.259897 0.200195 0.019501
11 0.508952 0.283663 0.152995 0.032908
5 0.645991 0.487590 0.085227 0.022455
3 0.420753 0.487812 0.197951 0.024376
4 0.280619 0.489363 0.036301 0.016546
6 0.645671 0.755948 0.110677 0.021938
7 0.661947 0.798606 0.091146 0.021938
8 0.657878 0.858936 0.125326 0.030470
2 0.377683 0.459817 0.091540 0.018910
5 0.635732 0.527183 0.074179 0.018910
5 0.642835 0.566775 0.078914 0.022455
5 0.645991 0.593367 0.072601 0.026001
5 0.644413 0.632960 0.082071 0.013001
5 0.650726 0.676098 0.078914 0.028365
5 0.649148 0.703872 0.072601 0.022455
3 0.407670 0.505909 0.142045 0.021274
3 0.440814 0.538411 0.202020 0.029547
3 0.383207 0.569139 0.115215 0.022455
3 0.430556 0.604595 0.197285 0.027183
3 0.417929 0.645369 0.184659 0.047275
3 0.376894 0.676689 0.099432 0.020092
3 0.398201 0.705054 0.126263 0.031910
4 0.281408 0.528956 0.025253 0.024819
4 0.280619 0.573867 0.029987 0.027183
4 0.275884 0.595731 0.020518 0.014182
4 0.282197 0.637096 0.029987 0.023637
4 0.279040 0.680234 0.029987 0.015364
4 0.282197 0.704463 0.036301 0.014182
