1 0.480676 0.091184 0.211353 0.061594
0 0.673309 0.052536 0.178744 0.025362
11 0.490338 0.232488 0.201691 0.047101
5 0.775350 0.362394 0.117125 0.046045
3 0.421837 0.355852 0.236187 0.049869
4 0.268154 0.349285 0.039780 0.048108
8 0.762681 0.678744 0.128019 0.050725
2 0.721014 0.909420 0.247585 0.086957
5 0.781829 0.453704 0.099537 0.050926
5 0.781829 0.539931 0.101852 0.049769
3 0.393519 0.447338 0.167824 0.045139
3 0.421296 0.526620 0.228009 0.048611
4 0.266204 0.525463 0.021991 0.037037
4 0.263310 0.431713 0.039352 0.053241
6 0.778935 0.630208 0.096065 0.045139
