0 0.547581 0.153816 0.219355 0.060522
1 0.375806 0.254887 0.195161 0.035103
2 0.697581 0.286358 0.254839 0.042365
5 0.707562 0.395189 0.080247 0.026637
4 0.592565 0.393022 0.044808 0.040236
3 0.374953 0.410133 0.325712 0.098665
6 0.699724 0.586766 0.089262 0.032241
8 0.691935 0.658567 0.169355 0.031471
7 0.695968 0.710010 0.080645 0.032682
4 0.597222 0.480312 0.035494 0.027795
5 0.714506 0.438619 0.066358 0.025479
5 0.711420 0.461782 0.081790 0.013898
5 0.712963 0.487840 0.069444 0.022004
5 0.704475 0.543430 0.074074 0.026637
3 0.317130 0.506370 0.222222 0.093809
13 0.701389 0.611181 0.083333 0.013898
