0 0.508488 0.248264 0.219136 0.028935
1 0.563272 0.275463 0.266975 0.025463
5 0.898920 0.427662 0.138889 0.031250
2 0.242284 0.296875 0.337963 0.033565
4 0.698302 0.427662 0.058642 0.031250
3 0.175154 0.429398 0.256173 0.032407
8 0.887346 0.593750 0.177469 0.087963
7 0.912037 0.697917 0.118827 0.020833
4 0.709105 0.457176 0.064815 0.023148
4 0.698302 0.479167 0.027778 0.025463
4 0.708333 0.508102 0.044753 0.023148
5 0.909722 0.455440 0.104938 0.019676
5 0.911265 0.478588 0.117284 0.021991
5 0.912037 0.512731 0.097222 0.030093
3 0.258488 0.457755 0.419753 0.021991
3 0.232253 0.487269 0.373457 0.027778
3 0.239969 0.513889 0.351852 0.034722
