0 0.479762 0.199553 0.438095 0.030161
1 0.473810 0.254655 0.407143 0.024361
2 0.208333 0.231454 0.342857 0.026681
5 0.862813 0.324180 0.137531 0.019568
4 0.674342 0.323386 0.056579 0.017309
3 0.128289 0.320822 0.161842 0.018591
8 0.852381 0.400818 0.140476 0.033641
7 0.885714 0.483180 0.169048 0.017400
3 0.139474 0.340054 0.192105 0.018591
3 0.177632 0.357683 0.271053 0.021796
4 0.677632 0.340054 0.052632 0.016027
4 0.671711 0.362491 0.048684 0.018591
5 0.871053 0.341977 0.121053 0.013462
5 0.872368 0.363132 0.105263 0.018591
