0 0.424090 0.146694 0.339322 0.032015
9 0.427938 0.179759 0.422579 0.025717
2 0.596200 0.367390 0.172809 0.051435
4 0.538480 0.457926 0.025187 0.016270
4 0.540229 0.479182 0.025886 0.012596
4 0.537430 0.499651 0.027286 0.013646
4 0.538130 0.520120 0.023088 0.016795
4 0.544077 0.541376 0.029385 0.016270
4 0.544077 0.564732 0.027985 0.012596
4 0.543377 0.586775 0.026586 0.014696
4 0.548974 0.613804 0.034982 0.013121
4 0.553172 0.637685 0.034982 0.018894
4 0.554571 0.668388 0.025187 0.014171
4 0.560168 0.698829 0.036381 0.020469
4 0.562967 0.731107 0.037780 0.020994
4 0.565416 0.765222 0.030084 0.023093
4 0.567515 0.818756 0.066465 0.040938
16 0.248482 0.875439 0.051073 0.025192
7 0.721084 0.864942 0.076960 0.030441
13 0.717936 0.840799 0.095850 0.022043
8 0.701844 0.936846 0.130831 0.033590
15 0.653220 0.309658 0.026586 0.027292
3 0.311449 0.473934 0.109842 0.013646
3 0.271570 0.453202 0.079059 0.021519
3 0.294658 0.493353 0.090253 0.019944
3 0.272619 0.517233 0.065766 0.016270
3 0.299555 0.537177 0.140626 0.012071
3 0.279266 0.556859 0.116839 0.015745
3 0.291159 0.583888 0.147623 0.016270
3 0.351328 0.604882 0.281952 0.014171
3 0.313198 0.626401 0.216886 0.022568
3 0.286612 0.652380 0.166513 0.018894
3 0.240086 0.682034 0.088853 0.023618
3 0.255828 0.713525 0.145524 0.027817
3 0.247782 0.742129 0.123835 0.025192
3 0.263524 0.775981 0.167912 0.030966
5 0.664414 0.446904 0.058769 0.019419
5 0.669311 0.465536 0.064366 0.014696
5 0.652870 0.487055 0.102846 0.016795
5 0.678756 0.505687 0.065066 0.012071
5 0.682254 0.528517 0.076260 0.011547
5 0.703593 0.554235 0.095150 0.018894
5 0.691350 0.577853 0.070663 0.015745
5 0.700445 0.604620 0.063667 0.016795
5 0.699046 0.634798 0.058070 0.023618
5 0.712339 0.664714 0.065066 0.022568
5 0.712339 0.695418 0.053872 0.027292
5 0.718985 0.725596 0.069963 0.020469
5 0.724233 0.757612 0.074861 0.027817
6 0.707207 0.809657 0.109374 0.031137
