10 0.462023 0.123342 0.195312 0.016785
1 0.495100 0.154790 0.162410 0.017851
5 0.637090 0.482403 0.090769 0.024135
4 0.255896 0.481471 0.024225 0.019121
3 0.492847 0.450491 0.230709 0.023314
2 0.498250 0.326214 0.196713 0.022576
6 0.630908 0.647534 0.084005 0.019426
7 0.636159 0.762517 0.077705 0.018376
13 0.642809 0.666173 0.065804 0.023101
17 0.633359 0.685074 0.081905 0.016801
8 0.614807 0.794019 0.134409 0.041478
4 0.259298 0.552239 0.035761 0.027509
4 0.255172 0.609320 0.023841 0.022007
3 0.469282 0.504443 0.200814 0.030947
5 0.645797 0.554990 0.053184 0.019256
5 0.637544 0.610352 0.077025 0.022695
3 0.515130 0.579404 0.287009 0.035074
