10 0.460666 0.174205 0.309245 0.020854
1 0.511868 0.213114 0.167508 0.029500
9 0.481689 0.275421 0.485569 0.058492
2 0.534248 0.379435 0.239393 0.027466
5 0.681701 0.548418 0.112479 0.028721
4 0.261382 0.549508 0.035459 0.028867
3 0.540593 0.515430 0.317189 0.015642
6 0.686157 0.714620 0.076633 0.017293
13 0.701077 0.736491 0.065782 0.018311
8 0.675985 0.760396 0.098334 0.020345
7 0.692600 0.818125 0.063748 0.015767
8 0.663439 0.853984 0.135634 0.045776
3 0.541853 0.575567 0.311570 0.027902
3 0.542628 0.637184 0.319320 0.023251
5 0.675936 0.609282 0.089906 0.032552
4 0.259735 0.611607 0.026352 0.030227
4 0.264385 0.678455 0.029452 0.017439
