2 0.342346 0.042356 0.222120 0.027286
5 0.598654 0.192696 0.087524 0.026381
3 0.416176 0.225188 0.251062 0.071260
4 0.255939 0.201679 0.016116 0.025199
7 0.627336 0.665633 0.087444 0.042605
6 0.610422 0.625661 0.104677 0.026808
8 0.608188 0.731455 0.155101 0.035424
7 0.643931 0.867168 0.089997 0.024414
8 0.623506 0.894694 0.104039 0.024893
4 0.263489 0.281799 0.015259 0.019073
3 0.412516 0.316132 0.250244 0.095367
3 0.394714 0.397003 0.180054 0.061798
3 0.407430 0.518311 0.205485 0.174713
4 0.271627 0.374496 0.021362 0.015259
4 0.283325 0.443161 0.030518 0.019836
5 0.606812 0.269211 0.073242 0.015259
5 0.613932 0.370682 0.087484 0.015259
5 0.613424 0.437439 0.074259 0.014496
