0 0.524753 0.151316 0.239393 0.017802
1 0.581719 0.163269 0.186496 0.011190
5 0.683337 0.220455 0.098120 0.023836
4 0.339849 0.232011 0.026921 0.020501
3 0.457679 0.230502 0.170349 0.012395
8 0.681749 0.371043 0.089518 0.031026
7 0.689887 0.444285 0.080024 0.015767
2 0.435913 0.477854 0.214979 0.018819
4 0.341772 0.259568 0.014834 0.019778
4 0.342184 0.285836 0.018954 0.016688
4 0.344657 0.314886 0.018954 0.025341
4 0.342184 0.339918 0.015658 0.017306
3 0.438604 0.255859 0.137625 0.018542
3 0.443137 0.279037 0.146690 0.025341
3 0.465388 0.308396 0.186247 0.022251
3 0.470744 0.334355 0.203554 0.022251
5 0.678418 0.249988 0.079938 0.020397
5 0.684187 0.275947 0.089827 0.017924
5 0.687484 0.303451 0.074993 0.014834
5 0.686247 0.329102 0.074169 0.021633
