10 0.454857 0.352594 0.446516 0.031784
1 0.406950 0.379772 0.171359 0.023493
5 0.673816 0.465452 0.068789 0.020729
5 0.670438 0.492399 0.064490 0.021190
5 0.666753 0.520038 0.068175 0.016583
2 0.629901 0.604566 0.187328 0.023493
5 0.550364 0.547677 0.073703 0.027639
5 0.541458 0.575776 0.071860 0.026717
4 0.351059 0.547216 0.017812 0.031324
3 0.453936 0.439886 0.348860 0.030402
3 0.361193 0.464991 0.212510 0.026257
3 0.337547 0.492630 0.145563 0.018886
3 0.311751 0.519117 0.086601 0.012898
3 0.269064 0.546064 0.093357 0.017044
