0 0.505112 0.114938 0.501012 0.021015
1 0.697337 0.138116 0.337416 0.029050
2 0.821057 0.288308 0.319012 0.050064
5 0.873203 0.375766 0.182000 0.045738
3 0.268921 0.384110 0.482608 0.061190
6 0.858888 0.605691 0.173821 0.033376
8 0.872181 0.641540 0.237214 0.021015
3 0.195683 0.456282 0.343139 0.026874
3 0.228870 0.516844 0.284279 0.023846
3 0.125553 0.536148 0.237943 0.020061
3 0.146842 0.558291 0.285532 0.021197
5 0.881961 0.483156 0.147775 0.018547
5 0.886971 0.525928 0.170317 0.019304
5 0.880083 0.546368 0.126486 0.018547
5 0.872569 0.569457 0.141514 0.021575
