10 0.442130 0.093887 0.707846 0.038377
1 0.364766 0.126782 0.255848 0.028783
5 0.718401 0.216954 0.156587 0.029577
3 0.309575 0.212345 0.311157 0.035436
4 0.107425 0.211663 0.038436 0.024478
8 0.528709 0.389615 0.129103 0.032366
2 0.664971 0.450876 0.237560 0.031044
3 0.298885 0.247704 0.288730 0.025202
3 0.306850 0.276546 0.296695 0.024642
3 0.242135 0.304267 0.185185 0.025202
3 0.308841 0.330589 0.294703 0.029682
3 0.296894 0.359151 0.276782 0.021841
5 0.719036 0.250224 0.137395 0.020161
5 0.710573 0.274026 0.116487 0.025202
5 0.713560 0.305668 0.110514 0.021281
5 0.715552 0.336470 0.104540 0.019041
5 0.725508 0.365031 0.126444 0.028002
4 0.100757 0.241823 0.033851 0.019041
4 0.104739 0.269825 0.029869 0.022401
4 0.102250 0.297267 0.042812 0.023522
4 0.106233 0.324989 0.030864 0.020721
4 0.101254 0.353551 0.038829 0.029682
