10 0.482578 0.128260 0.331940 0.032323
1 0.439022 0.153705 0.134793 0.017193
5 0.626072 0.207280 0.076089 0.019808
3 0.418281 0.220998 0.149875 0.018819
4 0.315997 0.222384 0.020784 0.021133
8 0.538512 0.382028 0.075191 0.022695
2 0.632959 0.412288 0.174222 0.024070
5 0.638685 0.228628 0.073920 0.013733
5 0.638007 0.247447 0.060357 0.015767
5 0.632243 0.329844 0.067817 0.013733
5 0.641398 0.350698 0.056288 0.013733
5 0.638346 0.268555 0.071886 0.015259
5 0.636990 0.290680 0.065104 0.015767
5 0.649197 0.307719 0.061035 0.011190
3 0.408786 0.243886 0.130887 0.010681
3 0.416585 0.260671 0.142415 0.013733
3 0.416246 0.282033 0.148519 0.012716
3 0.415229 0.300344 0.145128 0.009664
3 0.411499 0.320689 0.139025 0.013733
3 0.375556 0.344086 0.067139 0.017802
3 0.420993 0.360107 0.160726 0.017293
4 0.314521 0.245921 0.015598 0.011698
4 0.314182 0.264486 0.021701 0.018311
4 0.315199 0.285594 0.015598 0.011698
4 0.314860 0.303141 0.018989 0.012207
4 0.316895 0.321452 0.010851 0.014242
4 0.318590 0.359853 0.018311 0.019836
