10 0.455628 0.051505 0.612691 0.056713
3 0.296985 0.108218 0.336737 0.054398
4 0.062971 0.103009 0.041332 0.057870
5 0.772915 0.100694 0.150742 0.043981
8 0.552881 0.586806 0.160467 0.053241
2 0.747386 0.707176 0.320934 0.060185
3 0.299416 0.168981 0.327012 0.050926
3 0.294554 0.227431 0.324581 0.045139
3 0.295770 0.292245 0.336737 0.052083
3 0.284221 0.344907 0.311208 0.050926
3 0.266594 0.411458 0.266229 0.054398
3 0.285436 0.466435 0.286895 0.043981
3 0.282397 0.530093 0.309993 0.041667
5 0.785072 0.155671 0.148310 0.052083
5 0.781425 0.218171 0.136154 0.052083
5 0.774739 0.272569 0.166545 0.042824
5 0.779601 0.343171 0.137369 0.035880
5 0.789934 0.402199 0.138585 0.042824
5 0.809385 0.454861 0.189643 0.055556
5 0.817287 0.517361 0.142232 0.048611
4 0.069049 0.173032 0.060783 0.052083
4 0.073304 0.239005 0.052273 0.056713
4 0.069657 0.293403 0.040117 0.031250
4 0.063579 0.347222 0.052273 0.048611
4 0.063579 0.406250 0.052273 0.053241
4 0.067834 0.468171 0.055920 0.056713
4 0.058108 0.530093 0.055920 0.050926
