0 0.480303 0.052249 0.190336 0.025503
1 0.452727 0.093924 0.089570 0.013684
5 0.564482 0.141664 0.038565 0.013373
5 0.564689 0.154260 0.043126 0.007464
5 0.562409 0.164678 0.045200 0.012129
5 0.568422 0.177274 0.050590 0.010574
5 0.565934 0.191891 0.047273 0.011196
5 0.570080 0.232789 0.047273 0.010885
5 0.570495 0.217705 0.038980 0.013684
5 0.572776 0.244918 0.037736 0.011507
5 0.570288 0.257203 0.062616 0.014928
5 0.570702 0.271043 0.037736 0.010263
5 0.571117 0.282395 0.032759 0.012440
6 0.566970 0.307742 0.051835 0.013995
6 0.569458 0.322825 0.039394 0.014928
16 0.383269 0.389070 0.043541 0.016794
7 0.505598 0.388137 0.040224 0.014928
8 0.580033 0.387204 0.061372 0.014928
13 0.567592 0.463556 0.052249 0.017727
11 0.492743 0.506475 0.075886 0.015239
2 0.544163 0.862889 0.153845 0.026436
