0 0.412579 0.276867 0.221556 0.017790
14 0.473645 0.312826 0.402233 0.049585
11 0.387849 0.340646 0.120619 0.016655
1 0.420149 0.356733 0.142825 0.012491
12 0.604358 0.358247 0.077217 0.015519
2 0.427215 0.411807 0.205406 0.018169
5 0.653817 0.469719 0.078226 0.011355
5 0.658107 0.495836 0.065609 0.010598
5 0.649023 0.525360 0.084787 0.013626
8 0.652808 0.624152 0.094376 0.019683
8 0.643471 0.654812 0.111030 0.021197
7 0.542282 0.610904 0.064095 0.012869
6 0.545815 0.595764 0.074188 0.021197
4 0.551871 0.580055 0.027758 0.013248
4 0.539759 0.524036 0.019683 0.014762
4 0.543544 0.497918 0.024225 0.015519
4 0.542787 0.468205 0.020692 0.018926
3 0.357064 0.465934 0.168060 0.018926
3 0.350250 0.494512 0.157461 0.019304
3 0.348736 0.521386 0.156452 0.019304
