0 0.523251 0.392462 0.392175 0.026739
1 0.473648 0.415132 0.159660 0.025577
5 0.695700 0.497214 0.086031 0.024655
3 0.445747 0.493265 0.178849 0.024695
4 0.327685 0.538425 0.022851 0.020806
8 0.598204 0.657028 0.081166 0.025577
2 0.672836 0.700544 0.158110 0.026739
5 0.698680 0.521608 0.071091 0.019643
5 0.706537 0.540971 0.071839 0.014592
5 0.706537 0.561456 0.079322 0.019643
5 0.701299 0.586151 0.070342 0.020766
5 0.712150 0.611968 0.072587 0.018521
5 0.709156 0.635821 0.066601 0.019082
3 0.445747 0.517399 0.178849 0.024695
3 0.448740 0.540409 0.177353 0.019082
3 0.400099 0.565946 0.081567 0.024133
3 0.445747 0.517399 0.178849 0.024695
3 0.451733 0.587835 0.175856 0.017399
3 0.446869 0.607197 0.170618 0.019082
3 0.442005 0.633015 0.166876 0.023572
4 0.326937 0.492964 0.022851 0.020806
4 0.326937 0.492964 0.022851 0.020806
4 0.326937 0.492964 0.022851 0.020806
4 0.326937 0.492964 0.022851 0.020806
4 0.326937 0.492964 0.022851 0.020806
4 0.326937 0.492964 0.022851 0.020806
4 0.326937 0.492964 0.022851 0.020806
4 0.327685 0.585569 0.022851 0.020806
4 0.327685 0.585569 0.022851 0.020806
4 0.329930 0.631030 0.022851 0.020806
4 0.329930 0.631030 0.022851 0.020806
4 0.329182 0.609703 0.022851 0.020806
4 0.326937 0.559752 0.022851 0.020806
4 0.327685 0.514292 0.022851 0.020806
