5 0.601758 0.205381 0.059357 0.012975
3 0.353823 0.212329 0.094585 0.011977
8 0.597079 0.439650 0.114313 0.020718
10 0.424820 0.073335 0.145709 0.034877
5 0.605443 0.220121 0.059357 0.012975
5 0.605443 0.240389 0.059357 0.012975
5 0.605443 0.256051 0.059357 0.012975
5 0.603601 0.275398 0.059357 0.012975
5 0.604215 0.291060 0.059357 0.012975
6 0.599806 0.310676 0.069403 0.014280
3 0.348909 0.228451 0.094585 0.011977
3 0.355051 0.246877 0.094585 0.011977
3 0.330483 0.264151 0.065104 0.009673
3 0.382997 0.280964 0.150477 0.011977
3 0.345838 0.298008 0.083530 0.013819
