0 0.524306 0.124421 0.158565 0.045139
11 0.545718 0.193866 0.145833 0.035880
2 0.412616 0.341435 0.136574 0.037037
5 0.703125 0.406250 0.069444 0.041667
3 0.387907 0.400954 0.144325 0.033741
4 0.301722 0.399364 0.020399 0.032291
6 0.698529 0.643599 0.090830 0.039792
8 0.705450 0.694204 0.090830 0.044118
5 0.703704 0.472801 0.063657 0.031250
5 0.699653 0.510995 0.076389 0.033565
5 0.702546 0.557292 0.072917 0.028935
3 0.383102 0.432870 0.137731 0.025463
3 0.351273 0.465856 0.074074 0.035880
3 0.366319 0.503472 0.113426 0.030093
3 0.401620 0.550926 0.156250 0.018519
4 0.302662 0.467014 0.020833 0.024306
4 0.302662 0.500579 0.013889 0.019676
4 0.296875 0.542245 0.023148 0.028935
