0 0.441178 0.229266 0.725984 0.054495
5 0.790239 0.432172 0.191945 0.031305
3 0.281741 0.432751 0.360670 0.044060
4 0.038714 0.437969 0.051082 0.047538
8 0.595198 0.626961 0.188849 0.047538
2 0.753862 0.722616 0.342095 0.041741
5 0.817425 0.478433 0.126408 0.042082
5 0.804784 0.525775 0.168544 0.044186
5 0.806891 0.574695 0.096913 0.038926
3 0.280893 0.488428 0.367988 0.034717
3 0.170637 0.538926 0.153094 0.038926
3 0.257718 0.587320 0.327256 0.047342
4 0.038611 0.486323 0.037922 0.034717
4 0.046336 0.588372 0.036518 0.045238
1 0.290022 0.280649 0.400292 0.039978
