10 0.451102 0.144689 0.558068 0.034749
9 0.458818 0.197796 0.516796 0.069041
1 0.583979 0.279554 0.192183 0.021802
11 0.513727 0.245034 0.171189 0.032703
2 0.263512 0.398485 0.255383 0.027105
3 0.339991 0.430354 0.330821 0.035126
4 0.148920 0.429977 0.033951 0.026620
5 0.609568 0.432292 0.078704 0.031250
6 0.724483 0.530281 0.127584 0.026647
8 0.725291 0.596899 0.116279 0.031492
5 0.725309 0.435764 0.084877 0.033565
5 0.720679 0.460069 0.072531 0.024306
5 0.610340 0.461806 0.083333 0.023148
3 0.325617 0.457755 0.288580 0.028935
4 0.147377 0.457755 0.052469 0.021991
13 0.727623 0.562500 0.080247 0.025463
